# KIC 6102338 Q0 regularly spaced, with NaNs replaced
# BJD PDCSAP_flux
2.454964512954025995e+06 1.050330078125000000e+04
2.454964533388510346e+06 1.050449218750000000e+04
2.454964553822894581e+06 1.049872070312500000e+04
2.454964574257178698e+06 1.049044335937500000e+04
2.454964594691562932e+06 1.049052636718750000e+04
2.454964615126046352e+06 1.048745410156250000e+04
2.454964635560330003e+06 1.053899609375000000e+04
2.454964655994713772e+06 1.050833496093750000e+04
2.454964676429197192e+06 1.049590039062500000e+04
2.454964696863580495e+06 1.047498828125000000e+04
2.454964717297863681e+06 1.048159863281250000e+04
2.454964737732246518e+06 1.049195800781250000e+04
2.454964758166729473e+06 1.046087988281250000e+04
2.454964778601012193e+06 1.046173828125000000e+04
2.454964799035394564e+06 1.046035937500000000e+04
2.454964819469877053e+06 1.045969238281250000e+04
2.454964839904159307e+06 1.046130761718750000e+04
2.454964860338541213e+06 1.047078222656250000e+04
2.454964880772923585e+06 1.046699218750000000e+04
2.454964901207305491e+06 1.045583789062500000e+04
2.454964921641687397e+06 1.044330957031250000e+04
2.454964942076068837e+06 1.043771191406250000e+04
2.454964962510450277e+06 1.043721875000000000e+04
2.454964982944831718e+06 1.043361425781250000e+04
2.454965003379212692e+06 1.045868652343750000e+04
2.454965023813494015e+06 1.045749414062500000e+04
2.454965044247974642e+06 1.044329394531250000e+04
2.454965064682355616e+06 1.044623925781250000e+04
2.454965085116636008e+06 1.044435742187500000e+04
2.454965105551016517e+06 1.043652148437500000e+04
2.454965125985496677e+06 1.044410937500000000e+04
2.454965146419777069e+06 1.043200976562500000e+04
2.454965166854157113e+06 1.043522558593750000e+04
2.454965187288636807e+06 1.042648144531250000e+04
2.454965207723016851e+06 1.042289453125000000e+04
2.454965228157296311e+06 1.044204882812500000e+04
2.454965248591675889e+06 1.044460156250000000e+04
2.454965269026155118e+06 1.045309472656250000e+04
2.454965289460434578e+06 1.043921191406250000e+04
2.454965309894813690e+06 1.043456347656250000e+04
2.454965330329292454e+06 1.043000097656250000e+04
2.454965350763571449e+06 1.043244921875000000e+04
2.454965371197950095e+06 1.041790722656250000e+04
2.454965391632328741e+06 1.043126660156250000e+04
2.454965412066706922e+06 1.043204589843750000e+04
2.454965432501085103e+06 1.043154785156250000e+04
2.454965452935463283e+06 1.043704296875000000e+04
2.454965473369941115e+06 1.043958496093750000e+04
2.454965493804219179e+06 1.044188964843750000e+04
2.454965514238596894e+06 1.044452539062500000e+04
2.454965534672874026e+06 1.045002246093750000e+04
2.454965555107351393e+06 1.045356835937500000e+04
2.454965575541729107e+06 1.044644726562500000e+04
2.454965595976005774e+06 1.045636035156250000e+04
2.454965616410482675e+06 1.045445898437500000e+04
2.454965636844859924e+06 1.046943359375000000e+04
2.454965657279236242e+06 1.047183984375000000e+04
2.454965677713512909e+06 1.046135546875000000e+04
2.454965698147989344e+06 1.047420703125000000e+04
2.454965718582365662e+06 1.048645898437500000e+04
2.454965739016641397e+06 1.048429199218750000e+04
2.454965759451117367e+06 1.048889160156250000e+04
2.454965779885493219e+06 1.049063964843750000e+04
2.454965800319768954e+06 1.048530078125000000e+04
2.454965820754144341e+06 1.065058496093750000e+04
2.454965841188619845e+06 1.061259179687500000e+04
2.454965861622895114e+06 1.054923925781250000e+04
2.454965882057270035e+06 1.053466601562500000e+04
2.454965902491745539e+06 1.054106640625000000e+04
2.454965922926020343e+06 1.052836035156250000e+04
2.454965943360394798e+06 1.053290039062500000e+04
2.454965963794769254e+06 1.052854492187500000e+04
2.454965984229243826e+06 1.052580175781250000e+04
2.454966004663518164e+06 1.053569531250000000e+04
2.454966025097892154e+06 1.054962597656250000e+04
2.454966045532265678e+06 1.056989062500000000e+04
2.454966065966639668e+06 1.059045898437500000e+04
2.454966086401013657e+06 1.056161035156250000e+04
2.454966106835387181e+06 1.055705078125000000e+04
2.454966127269760240e+06 1.054601562500000000e+04
2.454966147704133764e+06 1.055348046875000000e+04
2.454966168138506822e+06 1.055236621093750000e+04
2.454966188572879881e+06 1.055902050781250000e+04
2.454966209007352591e+06 1.056671386718750000e+04
2.454966229441625066e+06 1.056177539062500000e+04
2.454966249875997659e+06 1.058494628906250000e+04
2.454966270310369786e+06 1.058739062500000000e+04
2.454966290744741913e+06 1.058572851562500000e+04
2.454966311179114040e+06 1.059563183593750000e+04
2.454966331613386050e+06 1.059192187500000000e+04
2.454966352047857828e+06 1.060783593750000000e+04
2.454966372482229490e+06 1.059589550781250000e+04
2.454966392916601151e+06 1.060462597656250000e+04
2.454966413350972347e+06 1.059519238281250000e+04
2.454966433785343543e+06 1.061291406250000000e+04
2.454966454219714738e+06 1.060925976562500000e+04
2.454966474653985351e+06 1.061543847656250000e+04
2.454966495088456664e+06 1.061885351562500000e+04
2.454966515522826929e+06 1.062532714843750000e+04
2.454966535957097542e+06 1.062716015625000000e+04
2.454966556391567923e+06 1.064241210937500000e+04
2.454966576825938188e+06 1.066139941406250000e+04
2.454966597260207869e+06 1.065102441406250000e+04
2.454966617694578134e+06 1.063566992187500000e+04
2.454966638129047584e+06 1.064439160156250000e+04
2.454966658563417383e+06 1.064792578125000000e+04
2.454966678997686598e+06 1.064006152343750000e+04
2.454966699432156049e+06 1.065264257812500000e+04
2.454966719866525382e+06 1.066682226562500000e+04
2.454966740300794132e+06 1.066526464843750000e+04
2.454966760735162999e+06 1.067209765625000000e+04
2.454966781169631518e+06 1.066736132812500000e+04
2.454966801603900269e+06 1.067397558593750000e+04
2.454966822038268670e+06 1.066571777343750000e+04
2.454966842472637072e+06 1.066508886718750000e+04
2.454966862907005008e+06 1.067655566406250000e+04
2.454966883341372944e+06 1.068614160156250000e+04
2.454966903775740881e+06 1.067588281250000000e+04
2.454966924210108817e+06 1.067888085937500000e+04
2.454966944644476287e+06 1.067875000000000000e+04
2.454966965078843758e+06 1.068728515625000000e+04
2.454966985513110645e+06 1.068757421875000000e+04
2.454967005947578233e+06 1.068361035156250000e+04
2.454967026381944772e+06 1.069079199218750000e+04
2.454967046816211659e+06 1.068991406250000000e+04
2.454967067250678316e+06 1.068580859375000000e+04
2.454967087685044855e+06 1.068967480468750000e+04
2.454967108119311277e+06 1.069258300781250000e+04
2.454967128553677350e+06 1.069265332031250000e+04
2.454967148988143541e+06 1.069815917968750000e+04
2.454967169422509149e+06 1.069731738281250000e+04
2.454967189856775105e+06 1.069047558593750000e+04
2.454967210291240830e+06 1.069083691406250000e+04
2.454967230725606438e+06 1.069163867187500000e+04
2.454967251159871463e+06 1.069018164062500000e+04
2.454967271594236605e+06 1.068446289062500000e+04
2.454967292028701864e+06 1.068866992187500000e+04
2.454967312462966423e+06 1.068725292968750000e+04
2.454967332897331100e+06 1.066864160156250000e+04
2.454967353331795894e+06 1.067877246093750000e+04
2.454967373766059987e+06 1.067330761718750000e+04
2.454967394200424664e+06 1.067330761718750000e+04
2.454967414634788875e+06 1.067410351562500000e+04
2.454967435069152620e+06 1.068048339843750000e+04
2.454967455503516365e+06 1.066659375000000000e+04
2.454967475937880110e+06 1.065817968750000000e+04
2.454967496372343507e+06 1.065638281250000000e+04
2.454967516806607135e+06 1.065514746093750000e+04
2.454967537240970414e+06 1.067299609375000000e+04
2.454967557675233576e+06 1.065613378906250000e+04
2.454967578109696507e+06 1.064673242187500000e+04
2.454967598544059321e+06 1.065050878906250000e+04
2.454967618978321552e+06 1.063798535156250000e+04
2.454967639412684366e+06 1.065022851562500000e+04
2.454967659847146366e+06 1.065200390625000000e+04
2.454967680281508714e+06 1.064681445312500000e+04
2.454967700715870596e+06 1.063470410156250000e+04
2.454967721150232479e+06 1.063684472656250000e+04
2.454967741584594361e+06 1.063169824218750000e+04
2.454967762018856127e+06 1.063256640625000000e+04
2.454967782453217544e+06 1.061898632812500000e+04
2.454967802887678612e+06 1.062308105468750000e+04
2.454967823322039563e+06 1.061315917968750000e+04
2.454967843756300863e+06 1.061343847656250000e+04
2.454967864190761466e+06 1.061097753906250000e+04
2.454967884625122417e+06 1.060999414062500000e+04
2.454967905059482902e+06 1.060820507812500000e+04
2.454967925493743271e+06 1.059516406250000000e+04
2.454967945928203408e+06 1.059762304687500000e+04
2.454967966362563428e+06 1.060173632812500000e+04
2.454967986796823330e+06 1.060105859375000000e+04
2.454968007231283002e+06 1.059335644531250000e+04
2.454968027665642556e+06 1.060137304687500000e+04
2.454968048099901993e+06 1.058920703125000000e+04
2.454968068534261547e+06 1.059088085937500000e+04
2.454968088968720287e+06 1.059950878906250000e+04
2.454968109402979724e+06 1.058866796875000000e+04
2.454968129837338347e+06 1.059793750000000000e+04
2.454968150271797087e+06 1.057869531250000000e+04
2.454968170706155710e+06 1.058612402343750000e+04
2.454968191140414216e+06 1.057744042968750000e+04
2.454968211574771907e+06 1.058693945312500000e+04
2.454968232009230182e+06 1.057964843750000000e+04
2.454968252443488222e+06 1.057685839843750000e+04
2.454968272877845913e+06 1.057678515625000000e+04
2.454968293312103488e+06 1.057639160156250000e+04
2.454968313746561296e+06 1.056931445312500000e+04
2.454968334180918522e+06 1.057502929687500000e+04
2.454968354615175631e+06 1.056901757812500000e+04
2.454968375049632508e+06 1.056935058593750000e+04
2.454968395483989269e+06 1.057034472656250000e+04
2.454968415918346029e+06 1.056654882812500000e+04
2.454968436352602672e+06 1.056648828125000000e+04
2.454968456787059084e+06 1.057168261718750000e+04
2.454968477221415378e+06 1.057492968750000000e+04
2.454968497655671556e+06 1.057081835937500000e+04
2.454968518090127502e+06 1.058088671875000000e+04
2.454968538524483331e+06 1.056710449218750000e+04
2.454968558958738577e+06 1.056869628906250000e+04
2.454968579393094406e+06 1.056366308593750000e+04
2.454968599827549420e+06 1.056616406250000000e+04
2.454968620261804666e+06 1.057179589843750000e+04
2.454968640696159564e+06 1.057043359375000000e+04
2.454968661130614579e+06 1.056168652343750000e+04
2.454968681564969476e+06 1.056869335937500000e+04
2.454968701999223791e+06 1.060163183593750000e+04
2.454968722433578223e+06 1.057623242187500000e+04
2.454968742868032306e+06 1.055766210937500000e+04
2.454968763302286621e+06 1.058332324218750000e+04
2.454968783736640587e+06 1.057232519531250000e+04
2.454968804171094205e+06 1.056550390625000000e+04
2.454968824605348054e+06 1.057699218750000000e+04
2.454968845039701555e+06 1.055917285156250000e+04
2.454968865474054590e+06 1.056948730468750000e+04
2.454968885908407625e+06 1.058307324218750000e+04
2.454968906342761125e+06 1.057564746093750000e+04
2.454968926777113695e+06 1.056909863281250000e+04
2.454968947211366612e+06 1.056200097656250000e+04
2.454968967645818833e+06 1.059850781250000000e+04
2.454968988080171403e+06 1.058360644531250000e+04
2.454969008514423389e+06 1.056718945312500000e+04
2.454969028948875610e+06 1.055756152343750000e+04
2.454969049383227713e+06 1.057134667968750000e+04
2.454969069817479234e+06 1.055933105468750000e+04
2.454969090251830872e+06 1.056295605468750000e+04
2.454969110686282162e+06 1.056241503906250000e+04
2.454969131120633800e+06 1.055532031250000000e+04
2.454969151554884855e+06 1.055546679687500000e+04
2.454969171989335679e+06 1.054682714843750000e+04
2.454969192423686385e+06 1.055720214843750000e+04
2.454969212857936975e+06 1.058980761718750000e+04
2.454969233292287681e+06 1.056534863281250000e+04
2.454969253726738039e+06 1.054844531250000000e+04
2.454969274160988163e+06 1.055568457031250000e+04
2.454969294595338404e+06 1.056338476562500000e+04
2.454969315029788297e+06 1.054323144531250000e+04
2.454969335464037955e+06 1.053693554687500000e+04
2.454969355898387730e+06 1.054670410156250000e+04
2.454969376332736574e+06 1.053094726562500000e+04
2.454969396767085884e+06 1.052008593750000000e+04
2.454969417201435193e+06 1.052424316406250000e+04
2.454969437635784037e+06 1.051142675781250000e+04
2.454969458070232999e+06 1.051773242187500000e+04
2.454969478504481725e+06 1.051362109375000000e+04
2.454969498938830104e+06 1.050408496093750000e+04
2.454969519373178482e+06 1.050933398437500000e+04
2.454969539807526395e+06 1.049624511718750000e+04
2.454969560241874307e+06 1.049874316406250000e+04
2.454969580676222220e+06 1.049449609375000000e+04
2.454969601110570133e+06 1.048644042968750000e+04
2.454969621544917580e+06 1.048083886718750000e+04
2.454969641979265027e+06 1.048769042968750000e+04
2.454969662413612008e+06 1.048821093750000000e+04
2.454969682847958989e+06 1.046254003906250000e+04
2.454969703282305971e+06 1.046000195312500000e+04
2.454969723716652486e+06 1.045482519531250000e+04
2.454969744150899351e+06 1.045893750000000000e+04
2.454969764585345518e+06 1.044620996093750000e+04
2.454969785019692034e+06 1.043930566406250000e+04
2.454969805453937966e+06 1.044529589843750000e+04
2.454969825888384134e+06 1.043445214843750000e+04
2.454969846322729718e+06 1.044236718750000000e+04
2.454969866757075302e+06 1.042870703125000000e+04
2.454969887191320769e+06 1.042253515625000000e+04
2.454969907625766005e+06 1.042582519531250000e+04
2.454969928060111124e+06 1.042020703125000000e+04
2.454969948494356126e+06 1.041572460937500000e+04
2.454969968928800896e+06 1.041388476562500000e+04
2.454969989363145549e+06 1.040928613281250000e+04
2.454970009797390085e+06 1.040300781250000000e+04
2.454970030231734738e+06 1.040725390625000000e+04
2.454970050666178577e+06 1.039577246093750000e+04
2.454970071100422647e+06 1.040155859375000000e+04
2.454970091534766834e+06 1.040911425781250000e+04
2.454970111969210207e+06 1.040122656250000000e+04
2.454970132403453812e+06 1.039870800781250000e+04
2.454970152837797068e+06 1.040080078125000000e+04
2.454970173272140324e+06 1.043442968750000000e+04
2.454970193706583697e+06 1.040724609375000000e+04
2.454970214140826371e+06 1.040540429687500000e+04
2.454970234575169161e+06 1.040419921875000000e+04
2.454970255009411834e+06 1.039372363281250000e+04
2.454970275443853810e+06 1.038612207031250000e+04
2.454970295878196135e+06 1.038484082031250000e+04
2.454970316312438343e+06 1.038712500000000000e+04
2.454970336746880319e+06 1.039774414062500000e+04
2.454970357181222178e+06 1.038389746093750000e+04
2.454970377615563571e+06 1.038389746093750000e+04
2.454970398049805313e+06 1.038366113281250000e+04
2.454970418484246824e+06 1.039452246093750000e+04
2.454970438918587752e+06 1.040403710937500000e+04
2.454970459352828562e+06 1.040408203125000000e+04
2.454970479787269607e+06 1.041911035156250000e+04
2.454970500221610069e+06 1.040865625000000000e+04
2.454970520655850414e+06 1.040766796875000000e+04
2.454970541090190876e+06 1.039613476562500000e+04
2.454970561524630990e+06 1.040293457031250000e+04
2.454970581958870869e+06 1.041219531250000000e+04
2.454970602393210866e+06 1.040586523437500000e+04
2.454970622827650513e+06 1.042907324218750000e+04
2.454970643261990044e+06 1.042238085937500000e+04
2.454970663696229458e+06 1.042310644531250000e+04
2.454970684130568523e+06 1.042903515625000000e+04
2.454970704565007705e+06 1.042950976562500000e+04
2.454970724999246188e+06 1.042115722656250000e+04
2.454970745433585253e+06 1.043765332031250000e+04
2.454970765868023504e+06 1.043853027343750000e+04
2.454970786302261986e+06 1.044320800781250000e+04
2.454970806736600120e+06 1.043487304687500000e+04
2.454970827170838136e+06 1.044739160156250000e+04
2.454970847605276387e+06 1.047340136718750000e+04
2.454970868039614055e+06 1.046609277343750000e+04
2.454970888473951258e+06 1.046717089843750000e+04
2.454970908908188809e+06 1.047063574218750000e+04
2.454970929342626128e+06 1.047946093750000000e+04
2.454970949776963331e+06 1.048868554687500000e+04
2.454970970211200416e+06 1.048627050781250000e+04
2.454970990645636804e+06 1.049824218750000000e+04
2.454971011079973541e+06 1.050792089843750000e+04
2.454971031514209695e+06 1.051066699218750000e+04
2.454971051948546432e+06 1.051431835937500000e+04
2.454971072382982355e+06 1.051756347656250000e+04
2.454971092817318160e+06 1.051508496093750000e+04
2.454971113251553848e+06 1.053169335937500000e+04
2.454971133685989305e+06 1.053523632812500000e+04
2.454971154120325111e+06 1.054429785156250000e+04
2.454971174554560333e+06 1.054896093750000000e+04
2.454971194988895208e+06 1.055457324218750000e+04
2.454971215423330199e+06 1.056750878906250000e+04
2.454971235857665073e+06 1.056735546875000000e+04
2.454971256291899830e+06 1.057683691406250000e+04
2.454971276726333890e+06 1.057678125000000000e+04
2.454971297160668299e+06 1.056753906250000000e+04
2.454971317594902590e+06 1.058591601562500000e+04
2.454971338029236533e+06 1.058756933593750000e+04
2.454971358463670127e+06 1.058186035156250000e+04
2.454971378898004070e+06 1.058509082031250000e+04
2.454971399332237430e+06 1.059041406250000000e+04
2.454971419766670559e+06 1.059247656250000000e+04
2.454971440201003570e+06 1.060148046875000000e+04
2.454971460635236464e+06 1.060768164062500000e+04
2.454971481069569476e+06 1.061775585937500000e+04
2.454971501504002139e+06 1.062305761718750000e+04
2.454971521938234568e+06 1.061436132812500000e+04
2.454971542372566648e+06 1.062201367187500000e+04
2.454971562806899194e+06 1.062600683593750000e+04
2.454971583241231274e+06 1.063129296875000000e+04
2.454971603675562888e+06 1.062730273437500000e+04
2.454971624109894503e+06 1.063781835937500000e+04
2.454971644544226117e+06 1.064955175781250000e+04
2.454971664978557266e+06 1.064769726562500000e+04
2.454971685412888415e+06 1.065344726562500000e+04
2.454971705847119447e+06 1.065095898437500000e+04
2.454971726281550247e+06 1.065325488281250000e+04
2.454971746715880930e+06 1.065887402343750000e+04
2.454971767150111496e+06 1.065654394531250000e+04
2.454971787584541831e+06 1.066007324218750000e+04
2.454971808018872049e+06 1.067694238281250000e+04
2.454971828453101683e+06 1.067409179687500000e+04
2.454971848887431435e+06 1.067538183593750000e+04
2.454971869321861304e+06 1.067922949218750000e+04
2.454971889756190591e+06 1.068526464843750000e+04
2.454971910190420225e+06 1.067270410156250000e+04
2.454971930624849163e+06 1.068341113281250000e+04
2.454971951059177984e+06 1.068729199218750000e+04
2.454971971493406687e+06 1.068712109375000000e+04
2.454971991927735507e+06 1.069689843750000000e+04
2.454972012362163980e+06 1.069709179687500000e+04
2.454972032796392683e+06 1.069653613281250000e+04
2.454972053230720572e+06 1.070942285156250000e+04
2.454972073665148579e+06 1.070160839843750000e+04
2.454972094099376351e+06 1.068728320312500000e+04
2.454972114533703774e+06 1.068669824218750000e+04
2.454972134968031198e+06 1.068792480468750000e+04
2.454972155402358621e+06 1.069060839843750000e+04
2.454972175836686045e+06 1.068184375000000000e+04
2.454972196271012537e+06 1.068680273437500000e+04
2.454972216705239844e+06 1.068997265625000000e+04
2.454972237139666453e+06 1.069799121093750000e+04
2.454972257573992945e+06 1.068567578125000000e+04
2.454972278008218855e+06 1.069163476562500000e+04
2.454972298442644998e+06 1.069107226562500000e+04
2.454972318876971025e+06 1.068909082031250000e+04
2.454972339311297052e+06 1.068863671875000000e+04
2.454972359745522495e+06 1.067561425781250000e+04
2.454972380179948173e+06 1.068097558593750000e+04
2.454972400614273269e+06 1.069060449218750000e+04
2.454972421048498247e+06 1.068342089843750000e+04
2.454972441482923459e+06 1.067575292968750000e+04
2.454972461917248089e+06 1.067832324218750000e+04
2.454972482351472601e+06 1.066995410156250000e+04
2.454972502785797231e+06 1.066752734375000000e+04
2.454972523220221512e+06 1.065724902343750000e+04
2.454972543654445559e+06 1.066184765625000000e+04
2.454972564088769257e+06 1.067157324218750000e+04
2.454972584523193538e+06 1.067686718750000000e+04
2.454972604957417119e+06 1.066101464843750000e+04
2.454972625391740352e+06 1.066427343750000000e+04
2.454972645826063585e+06 1.065946191406250000e+04
2.454972666260486469e+06 1.064466601562500000e+04
2.454972686694709584e+06 1.065543457031250000e+04
2.454972707129032351e+06 1.064842675781250000e+04
2.454972727563354652e+06 1.064611718750000000e+04
2.454972747997677419e+06 1.064399023437500000e+04
2.454972768431999721e+06 1.063463378906250000e+04
2.454972788866321556e+06 1.062601171875000000e+04
2.454972809300643392e+06 1.062355957031250000e+04
2.454972829734965228e+06 1.061756835937500000e+04
2.454972850169287063e+06 1.062071777343750000e+04
2.454972870603607967e+06 1.061383007812500000e+04
2.454972891037929337e+06 1.060703027343750000e+04
2.454972911472250242e+06 1.060785546875000000e+04
2.454972931906571146e+06 1.060625488281250000e+04
2.454972952340992168e+06 1.059708593750000000e+04
2.454972972775212489e+06 1.060267382812500000e+04
2.454972993209532928e+06 1.060047656250000000e+04
2.454973013643753249e+06 1.059178027343750000e+04
2.454973034078172874e+06 1.058070898437500000e+04
2.454973054512492847e+06 1.057946875000000000e+04
2.454973074946812820e+06 1.057422363281250000e+04
2.454973095381132327e+06 1.057807031250000000e+04
2.454973115815451369e+06 1.056967285156250000e+04
2.454973136249770410e+06 1.056080957031250000e+04
2.454973156683989335e+06 1.057388769531250000e+04
2.454973177118408494e+06 1.055886132812500000e+04
2.454973197552727070e+06 1.057472753906250000e+04
2.454973217986945529e+06 1.057291406250000000e+04
2.454973238421363756e+06 1.058069921875000000e+04
2.454973258855681866e+06 1.057047851562500000e+04
2.454973279289899860e+06 1.056304687500000000e+04
2.454973299724217504e+06 1.057273046875000000e+04
2.454973320158635266e+06 1.055936718750000000e+04
2.454973340592852794e+06 1.056780957031250000e+04
2.454973361027169973e+06 1.056780957031250000e+04
2.454973381461487152e+06 1.055288964843750000e+04
2.454973401895903982e+06 1.055234375000000000e+04
2.454973422330120578e+06 1.055185644531250000e+04
2.454973442764437292e+06 1.054989257812500000e+04
2.454973463198853657e+06 1.055696386718750000e+04
2.454973483633069787e+06 1.055873144531250000e+04
2.454973504067386035e+06 1.056316113281250000e+04
2.454973524501601700e+06 1.055460156250000000e+04
2.454973544936017599e+06 1.053891503906250000e+04
2.454973565370333381e+06 1.056022558593750000e+04
2.454973585804648697e+06 1.055909277343750000e+04
2.454973606238964014e+06 1.055137695312500000e+04
2.454973626673278864e+06 1.053388964843750000e+04
2.454973647107593715e+06 1.055435839843750000e+04
2.454973667541808449e+06 1.055909960937500000e+04
2.454973687976222485e+06 1.055197558593750000e+04
2.454973708410536870e+06 1.055438964843750000e+04
2.454973728844751138e+06 1.055640722656250000e+04
2.454973749279165175e+06 1.055442187500000000e+04
2.454973769713479094e+06 1.055482714843750000e+04
2.454973790147692896e+06 1.054690136718750000e+04
2.454973810582005884e+06 1.054965234375000000e+04
2.454973831016419455e+06 1.054602539062500000e+04
2.454973851450732443e+06 1.055227343750000000e+04
2.454973871884945780e+06 1.056077148437500000e+04
2.454973892319258302e+06 1.054993457031250000e+04
2.454973912753670942e+06 1.059107910156250000e+04
2.454973933187883347e+06 1.057275000000000000e+04
2.454973953622195404e+06 1.056963476562500000e+04
2.454973974056607578e+06 1.056252734375000000e+04
2.454973994490819518e+06 1.056777929687500000e+04
2.454974014925131109e+06 1.055891308593750000e+04
2.454974035359442700e+06 1.055591015625000000e+04
2.454974055793753825e+06 1.055992382812500000e+04
2.454974076228065416e+06 1.055232031250000000e+04
2.454974096662376542e+06 1.055291015625000000e+04
2.454974117096687201e+06 1.055301171875000000e+04
2.454974137530997861e+06 1.054993847656250000e+04
2.454974157965308521e+06 1.055715722656250000e+04
2.454974178399518598e+06 1.054964062500000000e+04
2.454974198833928443e+06 1.055172753906250000e+04
2.454974219268238638e+06 1.055994824218750000e+04
2.454974239702448249e+06 1.055886035156250000e+04
2.454974260136858094e+06 1.055044726562500000e+04
2.454974280571167357e+06 1.054644335937500000e+04
2.454974301005376969e+06 1.055553125000000000e+04
2.454974321439685766e+06 1.055761035156250000e+04
2.454974341874094680e+06 1.055976855468750000e+04
2.454974362308403477e+06 1.055146875000000000e+04
2.454974382742612157e+06 1.054809472656250000e+04
2.454974403176920488e+06 1.058159863281250000e+04
2.454974423611328937e+06 1.058825390625000000e+04
2.454974444045636803e+06 1.057266894531250000e+04
2.454974464479844552e+06 1.056378125000000000e+04
2.454974484914252069e+06 1.055733886718750000e+04
2.454974505348559935e+06 1.055555078125000000e+04
2.454974525782767218e+06 1.054825390625000000e+04
2.454974546217074152e+06 1.053674804687500000e+04
2.454974566651381087e+06 1.054625878906250000e+04
2.454974587085788138e+06 1.054006250000000000e+04
2.454974607519994490e+06 1.053429882812500000e+04
2.454974627954401076e+06 1.053535449218750000e+04
2.454974648388707545e+06 1.052453417968750000e+04
2.454974668822913431e+06 1.052749511718750000e+04
2.454974689257219434e+06 1.053053027343750000e+04
2.454974709691625088e+06 1.054324707031250000e+04
2.454974730125830509e+06 1.052735839843750000e+04
2.454974750560136046e+06 1.051875488281250000e+04
2.454974770994541235e+06 1.051867675781250000e+04
2.454974791428746190e+06 1.050386718750000000e+04
2.454974811863050796e+06 1.050293847656250000e+04
2.454974832297355868e+06 1.050905859375000000e+04
2.454974852731660008e+06 1.051522167968750000e+04
2.454974873165964149e+06 1.049909277343750000e+04
2.454974893600268755e+06 1.051122851562500000e+04
2.454974914034672547e+06 1.049535742187500000e+04
2.454974934468876570e+06 1.049618945312500000e+04
2.454974954903179780e+06 1.049767578125000000e+04
2.454974975337383337e+06 1.049904394531250000e+04
2.454974995771786664e+06 1.049559179687500000e+04
2.454975016206089873e+06 1.048265429687500000e+04
2.454975036640292499e+06 1.048602636718750000e+04
2.454975057074595243e+06 1.048244238281250000e+04
2.454975077508997638e+06 1.047979785156250000e+04
2.454975097943300381e+06 1.047698632812500000e+04
2.454975118377502076e+06 1.048286914062500000e+04
2.454975138811904006e+06 1.048564062500000000e+04
2.454975159246206284e+06 1.049153906250000000e+04
2.454975179680407513e+06 1.048610937500000000e+04
2.454975200114709325e+06 1.047196386718750000e+04
2.454975220549110323e+06 1.048926074218750000e+04
2.454975240983311553e+06 1.048224316406250000e+04
2.454975261417612433e+06 1.048042187500000000e+04
2.454975281852012966e+06 1.048393261718750000e+04
2.454975302286213730e+06 1.048511621093750000e+04
2.454975322720514145e+06 1.047239160156250000e+04
2.454975343154814094e+06 1.048066894531250000e+04
2.454975363589214161e+06 1.048314648437500000e+04
2.454975384023413993e+06 1.049351074218750000e+04
2.454975404457713943e+06 1.048975878906250000e+04
2.454975424892113078e+06 1.047775781250000000e+04
2.454975445326312445e+06 1.047385058593750000e+04
2.454975465760611463e+06 1.048336621093750000e+04
2.454975486194810830e+06 1.048966015625000000e+04
2.454975506629209500e+06 1.049593457031250000e+04
2.454975527063508052e+06 1.048366699218750000e+04
2.454975547497806139e+06 1.049150781250000000e+04
2.454975567932004575e+06 1.049570019531250000e+04
2.454975588366402779e+06 1.049572558593750000e+04
2.454975608800700400e+06 1.048640820312500000e+04
2.454975629234898370e+06 1.048877441406250000e+04
2.454975649669295643e+06 1.049426757812500000e+04
2.454975670103592798e+06 1.049343359375000000e+04
2.454975690537789837e+06 1.048424902343750000e+04
2.454975710972086992e+06 1.049628320312500000e+04
2.454975731406483799e+06 1.050453613281250000e+04
2.454975751840680372e+06 1.049999414062500000e+04
2.454975772274976596e+06 1.049229492187500000e+04
2.454975792709372938e+06 1.050026660156250000e+04
2.454975813143569045e+06 1.050019628906250000e+04
2.454975833577864803e+06 1.050449023437500000e+04
2.454975854012160562e+06 1.049954882812500000e+04
2.454975874446555972e+06 1.049612304687500000e+04
2.454975894880751148e+06 1.050775292968750000e+04
2.454975915315046441e+06 1.051965625000000000e+04
2.454975935749441385e+06 1.052160156250000000e+04
2.454975956183636561e+06 1.051905078125000000e+04
2.454975976617930923e+06 1.052074316406250000e+04
2.454975997052125167e+06 1.053237011718750000e+04
2.454976017486519646e+06 1.052052539062500000e+04
2.454976037920813542e+06 1.054833593750000000e+04
2.454976058355107438e+06 1.056398339843750000e+04
2.454976078789401334e+06 1.054779980468750000e+04
2.454976099223694764e+06 1.054436132812500000e+04
2.454976119657987729e+06 1.054210742187500000e+04
2.454976140092281159e+06 1.055501660156250000e+04
2.454976160526574124e+06 1.055544433593750000e+04
2.454976180960867088e+06 1.056108984375000000e+04
2.454976201395059470e+06 1.055355468750000000e+04
2.454976221829351969e+06 1.055032714843750000e+04
2.454976242263744120e+06 1.056627148437500000e+04
2.454976262698036153e+06 1.057347753906250000e+04
2.454976283132327721e+06 1.057587109375000000e+04
2.454976303566619754e+06 1.057564062500000000e+04
2.454976324000911321e+06 1.056850781250000000e+04
2.454976344435202423e+06 1.056850781250000000e+04
2.454976364869393408e+06 1.058663574218750000e+04
2.454976385303784627e+06 1.058492675781250000e+04
2.454976405738075264e+06 1.060186523437500000e+04
2.454976426172265783e+06 1.059133886718750000e+04
2.454976446606656071e+06 1.060421289062500000e+04
2.454976467040946241e+06 1.061246777343750000e+04
2.454976487475136295e+06 1.059654589843750000e+04
2.454976507909426000e+06 1.060167968750000000e+04
2.454976528343815822e+06 1.059591699218750000e+04
2.454976548778105527e+06 1.060397558593750000e+04
2.454976569212294649e+06 1.062053710937500000e+04
2.454976589646684006e+06 1.061344726562500000e+04
2.454976610080972780e+06 1.061066015625000000e+04
2.454976630515161436e+06 1.062500683593750000e+04
2.454976650949449744e+06 1.062153417968750000e+04
2.454976671383838169e+06 1.062231152343750000e+04
2.454976691818026360e+06 1.063251855468750000e+04
2.454976712252314202e+06 1.063217871093750000e+04
2.454976732686602045e+06 1.063430664062500000e+04
2.454976753120889887e+06 1.063773144531250000e+04
2.454976773555177264e+06 1.063428222656250000e+04
2.454976793989464641e+06 1.064204687500000000e+04
2.454976814423751552e+06 1.065305566406250000e+04
2.454976834858038463e+06 1.065276562500000000e+04
2.454976855292325374e+06 1.064609570312500000e+04
2.454976875726511702e+06 1.065127539062500000e+04
2.454976896160898264e+06 1.065658496093750000e+04
2.454976916595184244e+06 1.065190136718750000e+04
2.454976937029370107e+06 1.066066015625000000e+04
2.454976957463755738e+06 1.066021386718750000e+04
2.454976977898041718e+06 1.067415625000000000e+04
2.454976998332227115e+06 1.067193554687500000e+04
2.454977018766512163e+06 1.066842480468750000e+04
2.454977039200897329e+06 1.066877343750000000e+04
2.454977059635181911e+06 1.067064550781250000e+04
2.454977080069366843e+06 1.067880175781250000e+04
2.454977100503751077e+06 1.067408886718750000e+04
2.454977120938035659e+06 1.067461816406250000e+04
2.454977141372219659e+06 1.068437500000000000e+04
2.454977161806503311e+06 1.068082421875000000e+04
2.454977182240887079e+06 1.067851953125000000e+04
2.454977202675071079e+06 1.068645996093750000e+04
2.454977223109354265e+06 1.068614648437500000e+04
2.454977243543737568e+06 1.068380371093750000e+04
2.454977263977920171e+06 1.069054101562500000e+04
2.454977284412203357e+06 1.069042773437500000e+04
2.454977304846485611e+06 1.068717773437500000e+04
2.454977325280768331e+06 1.069218945312500000e+04
2.454977345715050586e+06 1.069769824218750000e+04
2.454977366149332840e+06 1.068947558593750000e+04
2.454977386583514512e+06 1.070109375000000000e+04
2.454977407017895952e+06 1.068844042968750000e+04
2.454977427452177741e+06 1.069010839843750000e+04
2.454977447886358947e+06 1.069301367187500000e+04
2.454977468320739921e+06 1.069089257812500000e+04
2.454977488755020779e+06 1.068571093750000000e+04
2.454977509189201519e+06 1.067657714843750000e+04
2.454977529623482376e+06 1.068396093750000000e+04
2.454977550057862420e+06 1.068598437500000000e+04
2.454977570492142811e+06 1.069556445312500000e+04
2.454977590926322620e+06 1.068231640625000000e+04
2.454977611360702664e+06 1.069557324218750000e+04
2.454977631794982124e+06 1.068578613281250000e+04
2.454977652229161467e+06 1.068540917968750000e+04
2.454977672663440928e+06 1.067770312500000000e+04
2.454977693097820040e+06 1.067009960937500000e+04
2.454977713531998917e+06 1.067588867187500000e+04
2.454977733966277447e+06 1.067928320312500000e+04
2.454977754400656093e+06 1.067171777343750000e+04
2.454977774834834505e+06 1.066686230468750000e+04
2.454977795269112568e+06 1.065725585937500000e+04
2.454977815703390166e+06 1.066872265625000000e+04
2.454977836137768347e+06 1.066161425781250000e+04
2.454977856571945827e+06 1.066788671875000000e+04
2.454977877006222960e+06 1.065740429687500000e+04
2.454977897440500092e+06 1.067832910156250000e+04
2.454977917874777224e+06 1.065280468750000000e+04
2.454977938309053890e+06 1.064559570312500000e+04
2.454977958743330557e+06 1.064259082031250000e+04
2.454977979177706875e+06 1.063580371093750000e+04
2.454977999611882959e+06 1.063414453125000000e+04
2.454978020046159159e+06 1.062324511718750000e+04
2.454978040480434895e+06 1.061581250000000000e+04
2.454978060914710630e+06 1.062774804687500000e+04
2.454978081348986365e+06 1.061639550781250000e+04
2.454978101783261634e+06 1.061999804687500000e+04
2.454978122217636555e+06 1.061473046875000000e+04
2.454978142651811242e+06 1.060253613281250000e+04
2.454978163086086046e+06 1.060443457031250000e+04
2.454978183520260733e+06 1.061100488281250000e+04
2.454978203954634722e+06 1.059183398437500000e+04
2.454978224388909061e+06 1.058766210937500000e+04
2.454978244823082816e+06 1.058574218750000000e+04
2.454978265257456806e+06 1.058761621093750000e+04
2.454978285691730212e+06 1.058412402343750000e+04
2.454978306126003619e+06 1.058196582031250000e+04
2.454978326560176909e+06 1.058437597656250000e+04
2.454978346994549967e+06 1.057323730468750000e+04
2.454978367428822909e+06 1.057952734375000000e+04
2.454978387862995733e+06 1.056574316406250000e+04
2.454978408297367860e+06 1.057068652343750000e+04
2.454978428731640335e+06 1.057198730468750000e+04
2.454978449165812228e+06 1.058180859375000000e+04
2.454978469600084238e+06 1.056598730468750000e+04
2.454978490034455899e+06 1.055604785156250000e+04
2.454978510468627326e+06 1.055985449218750000e+04
2.454978530902898405e+06 1.056885937500000000e+04
2.454978551337169483e+06 1.055987890625000000e+04
2.454978571771540679e+06 1.055888378906250000e+04
2.454978592205711175e+06 1.057340039062500000e+04
2.454978612639981788e+06 1.056320019531250000e+04
2.454978633074352052e+06 1.055623632812500000e+04
2.454978653508522082e+06 1.056008398437500000e+04
2.454978673942792229e+06 1.055349316406250000e+04
2.454978694376961794e+06 1.058604687500000000e+04
2.454978714811331127e+06 1.056265917968750000e+04
2.454978735245600808e+06 1.057683203125000000e+04
2.454978755679870024e+06 1.064436718750000000e+04
2.454978776114139240e+06 1.060283300781250000e+04
2.454978796548407525e+06 1.059250488281250000e+04
2.454978816982676275e+06 1.058311718750000000e+04
2.454978837416844908e+06 1.058941406250000000e+04
2.454978857851213310e+06 1.060496679687500000e+04
2.454978878285481129e+06 1.061199218750000000e+04
2.454978898719648831e+06 1.061471191406250000e+04
2.454978919154016767e+06 1.060180371093750000e+04
2.454978939588284120e+06 1.060282910156250000e+04
2.454978960022451356e+06 1.059341601562500000e+04
2.454978980456718244e+06 1.060047949218750000e+04
2.454979000891085248e+06 1.061009277343750000e+04
2.454979021325351670e+06 1.062309277343750000e+04
2.454979041759518441e+06 1.061044628906250000e+04
2.454979062193884514e+06 1.060660742187500000e+04
2.454979082628150936e+06 1.061198535156250000e+04
2.454979103062316775e+06 1.059655371093750000e+04
2.454979123496582732e+06 1.060085058593750000e+04
2.454979143930947874e+06 1.060062304687500000e+04
2.454979164365113247e+06 1.060863671875000000e+04
2.454979184799378272e+06 1.060861523437500000e+04
2.454979205233643297e+06 1.060671386718750000e+04
2.454979225667907856e+06 1.061702441406250000e+04
2.454979246102172881e+06 1.061261621093750000e+04
2.454979266536436975e+06 1.061966210937500000e+04
2.454979286970701534e+06 1.062841210937500000e+04
2.454979307404965162e+06 1.062085058593750000e+04
2.454979327839228790e+06 1.062085058593750000e+04
2.454979348273392767e+06 1.063162988281250000e+04
2.454979368707756046e+06 1.062986816406250000e+04
2.454979389142019209e+06 1.062721289062500000e+04
2.454979409576182254e+06 1.062815136718750000e+04
2.454979430010545067e+06 1.063366699218750000e+04
2.454979450444807764e+06 1.062489355468750000e+04
2.454979470878970344e+06 1.062315527343750000e+04
2.454979491313332226e+06 1.063398828125000000e+04
2.454979511747594457e+06 1.062673242187500000e+04
2.454979532181856222e+06 1.063169628906250000e+04
2.454979552616017871e+06 1.063120898437500000e+04
2.454979573050379287e+06 1.063136035156250000e+04
2.454979593484640587e+06 1.062832226562500000e+04
2.454979613918901421e+06 1.062454589843750000e+04
2.454979634353062604e+06 1.063356542968750000e+04
2.454979654787423089e+06 1.063509277343750000e+04
2.454979675221683923e+06 1.061647558593750000e+04
2.454979695655844174e+06 1.062453710937500000e+04
2.454979716090204194e+06 1.062647363281250000e+04
2.454979736524464097e+06 1.062201464843750000e+04
2.454979756958724000e+06 1.061662207031250000e+04
2.454979777392883319e+06 1.061387304687500000e+04
2.454979797827242408e+06 1.060197949218750000e+04
2.454979818261501845e+06 1.060320996093750000e+04
2.454979838695660699e+06 1.061066015625000000e+04
2.454979859129919205e+06 1.060728808593750000e+04
2.454979879564277828e+06 1.059920605468750000e+04
2.454979899998436216e+06 1.059293554687500000e+04
2.454979920432694256e+06 1.060666113281250000e+04
2.454979940867052414e+06 1.059847167968750000e+04
2.454979961301210336e+06 1.059418359375000000e+04
2.454979981735467445e+06 1.059215332031250000e+04
2.454980002169725019e+06 1.059053125000000000e+04
2.454980022603982128e+06 1.059740136718750000e+04
2.454980043038238771e+06 1.058047851562500000e+04
2.454980063472495880e+06 1.057161718750000000e+04
2.454980083906852175e+06 1.058247753906250000e+04
2.454980104341008700e+06 1.056645605468750000e+04
2.454980124775264878e+06 1.056174804687500000e+04
2.454980145209420938e+06 1.056433007812500000e+04
2.454980165643776767e+06 1.055540234375000000e+04
2.454980186078032479e+06 1.055192578125000000e+04
2.454980206512187608e+06 1.055840625000000000e+04
2.454980226946542971e+06 1.055368945312500000e+04
2.454980247380797751e+06 1.053832421875000000e+04
2.454980267815052997e+06 1.055996386718750000e+04
2.454980288249207195e+06 1.054484765625000000e+04
2.454980308683561627e+06 1.055068164062500000e+04
2.454980329117815942e+06 1.053383593750000000e+04
2.454980349551970139e+06 1.053402929687500000e+04
2.454980369986223988e+06 1.052194042968750000e+04
2.454980390420577489e+06 1.052809667968750000e+04
2.454980410854730755e+06 1.051840234375000000e+04
2.454980431288984139e+06 1.051510156250000000e+04
2.454980451723337173e+06 1.050683593750000000e+04
2.454980472157489974e+06 1.051062500000000000e+04
2.454980492591742426e+06 1.052865820312500000e+04
2.454980513025994878e+06 1.051811328125000000e+04
2.454980533460347448e+06 1.052444726562500000e+04
2.454980553894499317e+06 1.050476953125000000e+04
2.454980574328751303e+06 1.050229199218750000e+04
2.454980594763102941e+06 1.049601855468750000e+04
2.454980615197254345e+06 1.050282910156250000e+04
2.454980635631505400e+06 1.048791308593750000e+04
2.454980656065656804e+06 1.049360351562500000e+04
2.454980676500007510e+06 1.048896484375000000e+04
2.454980696934258100e+06 1.050094628906250000e+04
2.454980717368408572e+06 1.048800292968750000e+04
2.454980737802758813e+06 1.049365722656250000e+04
2.454980758237008937e+06 1.048412597656250000e+04
2.454980778671258595e+06 1.049329687500000000e+04
2.454980799105408601e+06 1.048555273437500000e+04
2.454980819539757911e+06 1.048726953125000000e+04
2.454980839974007104e+06 1.049230273437500000e+04
2.454980860408156179e+06 1.048555468750000000e+04
2.454980880842404906e+06 1.049175488281250000e+04
2.454980901276753750e+06 1.049175488281250000e+04
2.454980921710901894e+06 1.048948925781250000e+04
2.454980942145150620e+06 1.048993847656250000e+04
2.454980962579498533e+06 1.050135937500000000e+04
2.454980983013646677e+06 1.049659082031250000e+04
2.454981003447894007e+06 1.048653906250000000e+04
2.454981023882141337e+06 1.048544824218750000e+04
2.454981044316488784e+06 1.049764550781250000e+04
2.454981064750635996e+06 1.049644628906250000e+04
2.454981085184882861e+06 1.049226953125000000e+04
2.454981105619229376e+06 1.049405664062500000e+04
2.454981126053376123e+06 1.049285156250000000e+04
2.454981146487622056e+06 1.049900976562500000e+04
2.454981166921868455e+06 1.050308691406250000e+04
2.454981187356114388e+06 1.050539648437500000e+04
2.454981207790359855e+06 1.050492968750000000e+04
2.454981228224605322e+06 1.050537304687500000e+04
2.454981248658950441e+06 1.049814355468750000e+04
2.454981269093095791e+06 1.051829199218750000e+04
2.454981289527340792e+06 1.051799707031250000e+04
2.454981309961585328e+06 1.050707714843750000e+04
2.454981330395829864e+06 1.051790527343750000e+04
2.454981350830073934e+06 1.051299316406250000e+04
2.454981371264318004e+06 1.052302832031250000e+04
2.454981391698461957e+06 1.052508789062500000e+04
2.454981412132805679e+06 1.053167089843750000e+04
2.454981432567049284e+06 1.052728320312500000e+04
2.454981453001292422e+06 1.052661425781250000e+04
2.454981473435535561e+06 1.052867480468750000e+04
2.454981493869778235e+06 1.053191992187500000e+04
2.454981514304020908e+06 1.053951953125000000e+04
2.454981534738163464e+06 1.055467578125000000e+04
2.454981555172505789e+06 1.055500292968750000e+04
2.454981575606747530e+06 1.055098535156250000e+04
2.454981596040889621e+06 1.056800488281250000e+04
2.454981616475231014e+06 1.055864843750000000e+04
2.454981636909472756e+06 1.057898437500000000e+04
2.454981657343613915e+06 1.056093652343750000e+04
2.454981677777855191e+06 1.056330175781250000e+04
2.454981698212195653e+06 1.057266894531250000e+04
2.454981718646336813e+06 1.057293750000000000e+04
2.454981739080576692e+06 1.057646582031250000e+04
2.454981759514917154e+06 1.057826855468750000e+04
2.454981779949157033e+06 1.058721093750000000e+04
2.454981800383297261e+06 1.059003125000000000e+04
2.454981820817536674e+06 1.059296289062500000e+04
2.454981841251876205e+06 1.058529101562500000e+04
2.454981861686015502e+06 1.059542773437500000e+04
2.454981882120254450e+06 1.059971289062500000e+04
2.454981902554593515e+06 1.061473535156250000e+04
2.454981922988731880e+06 1.063053613281250000e+04
2.454981943422970362e+06 1.061040429687500000e+04
2.454981963857208379e+06 1.062517089843750000e+04
2.454981984291446861e+06 1.061989355468750000e+04
2.454982004725684412e+06 1.063604785156250000e+04
2.454982025159922428e+06 1.063867968750000000e+04
2.454982045594059397e+06 1.064177441406250000e+04
2.454982066028396599e+06 1.064591015625000000e+04
2.454982086462633684e+06 1.064098925781250000e+04
2.454982106896770652e+06 1.063646386718750000e+04
2.454982127331106924e+06 1.063339257812500000e+04
2.454982147765343543e+06 1.064268652343750000e+04
2.454982168199479580e+06 1.065192871093750000e+04
2.454982188633715734e+06 1.065763281250000000e+04
2.454982209068051539e+06 1.066692578125000000e+04
2.454982229502287228e+06 1.064634863281250000e+04
2.454982249936422333e+06 1.066345117187500000e+04
2.454982270370757673e+06 1.066410937500000000e+04
2.454982290804992896e+06 1.065916796875000000e+04
2.454982311239127535e+06 1.065916796875000000e+04
2.454982331673361827e+06 1.066153320312500000e+04
2.454982352107696701e+06 1.065750683593750000e+04
2.454982372541830875e+06 1.067841308593750000e+04
2.454982392976064701e+06 1.068047070312500000e+04
2.454982413410398643e+06 1.068115332031250000e+04
2.454982433844531886e+06 1.067408105468750000e+04
2.454982454278765246e+06 1.067960644531250000e+04
2.454982474712998606e+06 1.068387304687500000e+04
2.454982495147231501e+06 1.068612890625000000e+04
2.454982515581463929e+06 1.069882714843750000e+04
2.454982536015696824e+06 1.069888378906250000e+04
2.454982556450028904e+06 1.069803125000000000e+04
2.454982576884161215e+06 1.068116894531250000e+04
2.454982597318393178e+06 1.068531445312500000e+04
2.454982617752524558e+06 1.068784082031250000e+04
2.454982638186856173e+06 1.068936523437500000e+04
2.454982658621087670e+06 1.068703222656250000e+04
2.454982679055218585e+06 1.068485742187500000e+04
2.454982699489449617e+06 1.069027734375000000e+04
2.454982719923780300e+06 1.069669335937500000e+04
2.454982740358010866e+06 1.069867480468750000e+04
2.454982760792140849e+06 1.068826953125000000e+04
2.454982781226471066e+06 1.070133691406250000e+04
2.454982801660700701e+06 1.068620703125000000e+04
2.454982822094830684e+06 1.069345800781250000e+04
2.454982842529059853e+06 1.068656347656250000e+04
2.454982862963389605e+06 1.069276269531250000e+04
2.454982883397618309e+06 1.068785937500000000e+04
2.454982903831747361e+06 1.069179980468750000e+04
2.454982924266075715e+06 1.068298828125000000e+04
2.454982944700304419e+06 1.068588476562500000e+04
2.454982965134532657e+06 1.068572558593750000e+04
2.454982985568660311e+06 1.069325000000000000e+04
2.454983006002988201e+06 1.068393457031250000e+04
2.454983026437215973e+06 1.066624218750000000e+04
2.454983046871343628e+06 1.068585742187500000e+04
2.454983067305670585e+06 1.067359667968750000e+04
2.454983087739897426e+06 1.067889550781250000e+04
2.454983108174024150e+06 1.067758496093750000e+04
2.454983128608250991e+06 1.067054980468750000e+04
2.454983149042577483e+06 1.068592675781250000e+04
2.454983169476703275e+06 1.067273242187500000e+04
2.454983189910929650e+06 1.067631933593750000e+04
2.454983210345255211e+06 1.067534667968750000e+04
2.454983230779380538e+06 1.066541699218750000e+04
2.454983251213605981e+06 1.065578613281250000e+04
2.454983271647830959e+06 1.066422363281250000e+04
2.454983292082156055e+06 1.066301269531250000e+04
2.454983312516280916e+06 1.068876855468750000e+04
2.454983332950505428e+06 1.067544726562500000e+04
2.454983353384629358e+06 1.066374316406250000e+04
2.454983373818953987e+06 1.065524316406250000e+04
2.454983394253177568e+06 1.065342480468750000e+04
2.454983414687301498e+06 1.064148046875000000e+04
2.454983435121624731e+06 1.065276464843750000e+04
2.454983455555847846e+06 1.064012792968750000e+04
2.454983475990070961e+06 1.064405468750000000e+04
2.454983496424193960e+06 1.064461718750000000e+04
2.454983516858516727e+06 1.064429199218750000e+04
2.454983537292738911e+06 1.064741406250000000e+04
2.454983557726861443e+06 1.065878125000000000e+04
2.454983578161183279e+06 1.064944140625000000e+04
2.454983598595404997e+06 1.063785742187500000e+04
2.454983619029526599e+06 1.064393945312500000e+04
2.454983639463748317e+06 1.062442089843750000e+04
2.454983659898069222e+06 1.063934765625000000e+04
2.454983680332190357e+06 1.063456738281250000e+04
2.454983700766411144e+06 1.064249316406250000e+04
2.454983721200731583e+06 1.062679785156250000e+04
2.454983741634951904e+06 1.061909960937500000e+04
2.454983762069072109e+06 1.068687988281250000e+04
2.454983782503291965e+06 1.070938964843750000e+04
2.454983802937611938e+06 1.065425292968750000e+04
2.454983823371731211e+06 1.064419726562500000e+04
2.454983843805950601e+06 1.061949511718750000e+04
2.454983864240269642e+06 1.063500292968750000e+04
2.454983884674388915e+06 1.062337207031250000e+04
2.454983905108607374e+06 1.063376855468750000e+04
2.454983925542825833e+06 1.061818457031250000e+04
2.454983945977044292e+06 1.062862792968750000e+04
2.454983966411262285e+06 1.061749316406250000e+04
2.454983986845479812e+06 1.061789257812500000e+04
2.454984007279597688e+06 1.062390136718750000e+04
2.454984027713915333e+06 1.061889941406250000e+04
2.454984048148132395e+06 1.063914648437500000e+04
2.454984068582249340e+06 1.064536621093750000e+04
2.454984089016566053e+06 1.061935839843750000e+04
2.454984109450782649e+06 1.062619238281250000e+04
2.454984129884899128e+06 1.062575195312500000e+04
2.454984150319115259e+06 1.062546093750000000e+04
2.454984170753431506e+06 1.062464062500000000e+04
2.454984191187547054e+06 1.062477832031250000e+04
2.454984211621762719e+06 1.062308398437500000e+04
2.454984232056078035e+06 1.061873535156250000e+04
2.454984252490293235e+06 1.062406640625000000e+04
2.454984272924407851e+06 1.063423632812500000e+04
2.454984293358622584e+06 1.062866015625000000e+04
2.454984313792937435e+06 1.063364453125000000e+04
2.454984334227051586e+06 1.061562597656250000e+04
2.454984354661265388e+06 1.061912109375000000e+04
2.454984375095579308e+06 1.062857031250000000e+04
2.454984395529693458e+06 1.063006152343750000e+04
2.454984415963906329e+06 1.062155078125000000e+04
2.454984436398119666e+06 1.062072558593750000e+04
2.454984456832333002e+06 1.063706542968750000e+04
2.454984477266545407e+06 1.062828125000000000e+04
2.454984497700758278e+06 1.062202246093750000e+04
2.454984518134970684e+06 1.061766601562500000e+04
2.454984538569183089e+06 1.063392187500000000e+04
2.454984559003394563e+06 1.062867480468750000e+04
2.454984579437606502e+06 1.063435253906250000e+04
2.454984599871918093e+06 1.062014453125000000e+04
2.454984620306029450e+06 1.062529882812500000e+04
2.454984640740240458e+06 1.064421484375000000e+04
2.454984661174451467e+06 1.064421484375000000e+04
2.454984681608662475e+06 1.062376269531250000e+04
2.454984702042873017e+06 1.062036621093750000e+04
2.454984722477083094e+06 1.062755371093750000e+04
2.454984742911293171e+06 1.062437402343750000e+04
2.454984763345502783e+06 1.062476269531250000e+04
2.454984783779712860e+06 1.061826074218750000e+04
2.454984804213821888e+06 1.060631738281250000e+04
2.454984824648131151e+06 1.061056738281250000e+04
2.454984845082340296e+06 1.060992675781250000e+04
2.454984865516449325e+06 1.061237109375000000e+04
2.454984885950757656e+06 1.062736425781250000e+04
2.454984906384965871e+06 1.064516503906250000e+04
2.454984926819074433e+06 1.062592968750000000e+04
2.454984947253282182e+06 1.061385937500000000e+04
2.454984967687590048e+06 1.060612207031250000e+04
2.454984988121797331e+06 1.060130175781250000e+04
2.454985008555904962e+06 1.060368261718750000e+04
2.454985028990211897e+06 1.060663281250000000e+04
2.454985049424418714e+06 1.057754980468750000e+04
2.454985069858525414e+06 1.059270898437500000e+04
2.454985090292731766e+06 1.057012597656250000e+04
2.454985110727038234e+06 1.056860253906250000e+04
2.454985131161144469e+06 1.056556152343750000e+04
2.454985151595349889e+06 1.056990234375000000e+04
2.454985172029555775e+06 1.056233886718750000e+04
2.454985192463761196e+06 1.055652734375000000e+04
2.454985212897966616e+06 1.054292187500000000e+04
2.454985233332171105e+06 1.055080175781250000e+04
2.454985253766476177e+06 1.054433300781250000e+04
2.454985274200580548e+06 1.054607324218750000e+04
2.454985294634785037e+06 1.054607324218750000e+04
2.454985315068888944e+06 1.054099707031250000e+04
2.454985335503193084e+06 1.052770898437500000e+04
2.454985355937396642e+06 1.051112207031250000e+04
2.454985376371500082e+06 1.052428613281250000e+04
2.454985396805803291e+06 1.051286621093750000e+04
2.454985417240006384e+06 1.051485742187500000e+04
2.454985437674209476e+06 1.051046484375000000e+04
2.454985458108311985e+06 1.050220800781250000e+04
2.454985478542614263e+06 1.051294921875000000e+04
2.454985498976816889e+06 1.051244628906250000e+04
2.454985519410918467e+06 1.051055566406250000e+04
2.454985539845220279e+06 1.050342578125000000e+04
2.454985560279421974e+06 1.048861718750000000e+04
2.454985580713523086e+06 1.049493652343750000e+04
2.454985601147724316e+06 1.049781640625000000e+04
2.454985621582025196e+06 1.049842089843750000e+04
2.454985642016126309e+06 1.048599316406250000e+04
2.454985662450326607e+06 1.048599316406250000e+04
2.454985682884526905e+06 1.047627636718750000e+04
2.454985703318727203e+06 1.047390234375000000e+04
2.454985723752927035e+06 1.047406738281250000e+04
2.454985744187126402e+06 1.046612988281250000e+04
2.454985764621425886e+06 1.046339941406250000e+04
2.454985785055525135e+06 1.047825390625000000e+04
2.454985805489724036e+06 1.045503515625000000e+04
2.454985825923822820e+06 1.046144335937500000e+04
2.454985846358121373e+06 1.045720117187500000e+04
2.454985866792319808e+06 1.046231152343750000e+04
2.454985887226418126e+06 1.045258203125000000e+04
2.454985907660715748e+06 1.046442871093750000e+04
2.454985928094913717e+06 1.045865917968750000e+04
2.454985948529111221e+06 1.046715234375000000e+04
2.454985968963208143e+06 1.046887402343750000e+04
2.454985989397505298e+06 1.045658300781250000e+04
2.454986009831702337e+06 1.047070996093750000e+04
2.454986030265798792e+06 1.045872070312500000e+04
2.454986050700095017e+06 1.046703906250000000e+04
2.454986071134291589e+06 1.046123339843750000e+04
2.454986091568387114e+06 1.045544628906250000e+04
2.454986112002583221e+06 1.046343750000000000e+04
2.454986132436878514e+06 1.046438378906250000e+04
2.454986152870974038e+06 1.045671875000000000e+04
2.454986173305169214e+06 1.047809667968750000e+04
2.454986193739363924e+06 1.046232128906250000e+04
2.454986214173658751e+06 1.046517871093750000e+04
2.454986234607853461e+06 1.047615527343750000e+04
2.454986255041947588e+06 1.047468164062500000e+04
2.454986275476241484e+06 1.047897265625000000e+04
2.454986295910435263e+06 1.048496289062500000e+04
2.454986316344528925e+06 1.048362011718750000e+04
2.454986336778722238e+06 1.047002148437500000e+04
2.454986357212915551e+06 1.047698828125000000e+04
2.454986377647108398e+06 1.047028222656250000e+04
2.454986398081301246e+06 1.050030664062500000e+04
2.454986418515593745e+06 1.049509179687500000e+04
2.454986438949786127e+06 1.048429101562500000e+04
2.454986459383878391e+06 1.049003808593750000e+04
2.454986479818069842e+06 1.049033398437500000e+04
2.454986500252361875e+06 1.049879101562500000e+04
2.454986520686453208e+06 1.049969628906250000e+04
2.454986541120644193e+06 1.049425292968750000e+04
2.454986561554935295e+06 1.050245800781250000e+04
2.454986581989026163e+06 1.050498242187500000e+04
2.454986602423216682e+06 1.050903808593750000e+04
2.454986622857407201e+06 1.052481250000000000e+04
2.454986643291597255e+06 1.052266503906250000e+04
2.454986663725787308e+06 1.053165917968750000e+04
2.454986684159976896e+06 1.055360351562500000e+04
2.454986704594066367e+06 1.053679492187500000e+04
2.454986725028355606e+06 1.054158398437500000e+04
2.454986745462544728e+06 1.054245996093750000e+04
2.454986765896633267e+06 1.057592675781250000e+04
2.454986786330922041e+06 1.056809765625000000e+04
2.454986806765110232e+06 1.056358398437500000e+04
2.454986827199198771e+06 1.057540820312500000e+04
2.454986847633386496e+06 1.057693066406250000e+04
2.454986868067674339e+06 1.057634765625000000e+04
2.454986888501761947e+06 1.057596289062500000e+04
2.454986908935949206e+06 1.057270117187500000e+04
2.454986929370236117e+06 1.058297753906250000e+04
2.454986949804423377e+06 1.058685742187500000e+04
2.454986970238510054e+06 1.060807226562500000e+04
2.454986990672695916e+06 1.058382519531250000e+04
2.454987011106982362e+06 1.058774218750000000e+04
2.454987031541068573e+06 1.060308105468750000e+04
2.454987051975254435e+06 1.060463867187500000e+04
2.454987072409539949e+06 1.061158007812500000e+04
2.454987092843625229e+06 1.061877636718750000e+04
2.454987113277810160e+06 1.062703710937500000e+04
2.454987133711995091e+06 1.062403027343750000e+04
2.454987154146179557e+06 1.062870312500000000e+04
2.454987174580364022e+06 1.065829296875000000e+04
2.454987195014548488e+06 1.063930468750000000e+04
2.454987215448732488e+06 1.065253417968750000e+04
2.454987235882916022e+06 1.065903027343750000e+04
2.454987256317100022e+06 1.064480175781250000e+04
2.454987276751182973e+06 1.065971777343750000e+04
2.454987297185466625e+06 1.066265820312500000e+04
2.454987317619649228e+06 1.066841210937500000e+04
2.454987338053732179e+06 1.066645605468750000e+04
2.454987358487914316e+06 1.069683398437500000e+04
2.454987378922197036e+06 1.069547851562500000e+04
2.454987399356279057e+06 1.069417675781250000e+04
2.454987419790460728e+06 1.068804003906250000e+04
2.454987440224742517e+06 1.070324316406250000e+04
2.454987460658923723e+06 1.070345117187500000e+04
2.454987481093004812e+06 1.070916601562500000e+04
2.454987501527185552e+06 1.071971972656250000e+04
2.454987521961466875e+06 1.071297363281250000e+04
2.454987542395547032e+06 1.072561035156250000e+04
2.454987562829727307e+06 1.071301269531250000e+04
2.454987583264007699e+06 1.073020898437500000e+04
2.454987603698087391e+06 1.073550683593750000e+04
2.454987624132267199e+06 1.074704394531250000e+04
2.454987644566446543e+06 1.076049414062500000e+04
2.454987665000625420e+06 1.074238085937500000e+04
2.454987685434804298e+06 1.073329687500000000e+04
2.454987705868983176e+06 1.074457617187500000e+04
2.454987726303261705e+06 1.074821484375000000e+04
2.454987746737340000e+06 1.073700390625000000e+04
2.454987767171518411e+06 1.074101757812500000e+04
2.454987787605695892e+06 1.074534375000000000e+04
2.454987808039873838e+06 1.075283398437500000e+04
2.454987828474051319e+06 1.074753808593750000e+04
2.454987848908128683e+06 1.075076171875000000e+04
2.454987869342405349e+06 1.074328515625000000e+04
2.454987889776581898e+06 1.075486132812500000e+04
2.454987910210758448e+06 1.074371875000000000e+04
2.454987930644934997e+06 1.075875976562500000e+04
2.454987951079111081e+06 1.074886718750000000e+04
2.454987971513286699e+06 1.074452539062500000e+04
2.454987991947462782e+06 1.075250195312500000e+04
2.454988012381537817e+06 1.074274609375000000e+04
2.454988032815813553e+06 1.074078125000000000e+04
2.454988053249988239e+06 1.074489843750000000e+04
2.454988073684063274e+06 1.073000585937500000e+04
2.454988094118337613e+06 1.074604199218750000e+04
2.454988114552511834e+06 1.074773925781250000e+04
2.454988134986585937e+06 1.073423925781250000e+04
2.454988155420760158e+06 1.073916992187500000e+04
2.454988175855033565e+06 1.072997558593750000e+04
2.454988196289207321e+06 1.073851464843750000e+04
2.454988216723280493e+06 1.072137500000000000e+04
2.454988237157453317e+06 1.072715527343750000e+04
2.454988257591726258e+06 1.073489062500000000e+04
2.454988278025798500e+06 1.073489062500000000e+04
2.454988298459970858e+06 1.073000585937500000e+04
2.454988318894242868e+06 1.072960156250000000e+04
2.454988339328314643e+06 1.072497753906250000e+04
2.454988359762486536e+06 1.071246484375000000e+04
2.454988380196657963e+06 1.071157617187500000e+04
2.454988400630828924e+06 1.070547167968750000e+04
2.454988421065000352e+06 1.070604492187500000e+04
2.454988441499170847e+06 1.070351074218750000e+04
2.454988461933441460e+06 1.069391992187500000e+04
2.454988482367511839e+06 1.069364550781250000e+04
2.454988502801681869e+06 1.068942871093750000e+04
2.454988523235751782e+06 1.068686132812500000e+04
2.454988543670021463e+06 1.067962402343750000e+04
2.454988564104191028e+06 1.067962402343750000e+04
2.454988584538260009e+06 1.067745800781250000e+04
2.454988604972529225e+06 1.066490527343750000e+04
2.454988625406697858e+06 1.066237109375000000e+04
2.454988645840866491e+06 1.066804199218750000e+04
2.454988666274935007e+06 1.066408105468750000e+04
2.454988686709202826e+06 1.066565820312500000e+04
2.454988707143370993e+06 1.065759472656250000e+04
2.454988727577438578e+06 1.065623339843750000e+04
2.454988748011605814e+06 1.065463867187500000e+04
2.454988768445873167e+06 1.065165332031250000e+04
2.454988788879939821e+06 1.064914160156250000e+04
2.454988809314106591e+06 1.063890039062500000e+04
2.454988829748373479e+06 1.063993847656250000e+04
2.454988850182439666e+06 1.063179882812500000e+04
2.454988870616605505e+06 1.063581250000000000e+04
2.454988891050771810e+06 1.063392285156250000e+04
2.454988911485037301e+06 1.062876953125000000e+04
2.454988931919102557e+06 1.062701562500000000e+04
2.454988952353267930e+06 1.063928417968750000e+04
2.454988972787532490e+06 1.061952539062500000e+04
2.454988993221597280e+06 1.062514062500000000e+04
2.454989013655761722e+06 1.062587792968750000e+04
2.454989034089826047e+06 1.062073925781250000e+04
2.454989054524090607e+06 1.061362792968750000e+04
2.454989074958254118e+06 1.062281347656250000e+04
2.454989095392417628e+06 1.066856347656250000e+04
2.454989115826581139e+06 1.066491796875000000e+04
2.454989136260744650e+06 1.066122558593750000e+04
2.454989156694907229e+06 1.065989746093750000e+04
2.454989177128970157e+06 1.063973535156250000e+04
2.454989197563232388e+06 1.063421875000000000e+04
2.454989217997394968e+06 1.062358789062500000e+04
2.454989238431456964e+06 1.061727929687500000e+04
2.454989258865618613e+06 1.062301953125000000e+04
2.454989279299880378e+06 1.060941210937500000e+04
2.454989299733941443e+06 1.062170214843750000e+04
2.454989320168102626e+06 1.062369726562500000e+04
2.454989340602363460e+06 1.063025000000000000e+04
2.454989361036424059e+06 1.060972460937500000e+04
2.454989381470584776e+06 1.061614843750000000e+04
2.454989401904745027e+06 1.060853222656250000e+04
2.454989422339004930e+06 1.061171191406250000e+04
2.454989442773064598e+06 1.061586328125000000e+04
2.454989463207224384e+06 1.063170898437500000e+04
2.454989483641483821e+06 1.061686914062500000e+04
2.454989504075542558e+06 1.062152929687500000e+04
2.454989524509701878e+06 1.062074023437500000e+04
2.454989544943860266e+06 1.061797265625000000e+04
2.454989565378019121e+06 1.062035351562500000e+04
2.454989585812177043e+06 1.061731347656250000e+04
2.454989606246334966e+06 1.062412890625000000e+04
2.454989626680492889e+06 1.063210546875000000e+04
2.454989647114650346e+06 1.062890429687500000e+04
2.454989667548807338e+06 1.062850390625000000e+04
2.454989687982964795e+06 1.062286914062500000e+04
2.454989708417121787e+06 1.063500097656250000e+04
2.454989728851278313e+06 1.061948437500000000e+04
2.454989749285434373e+06 1.061938769531250000e+04
2.454989769719490781e+06 1.062029589843750000e+04
2.454989790153746493e+06 1.063308496093750000e+04
2.454989810587902553e+06 1.063334472656250000e+04
2.454989831022057682e+06 1.062016406250000000e+04
2.454989851456213277e+06 1.062556347656250000e+04
2.454989871890368406e+06 1.061789160156250000e+04
2.454989892324523069e+06 1.061276171875000000e+04
2.454989912758577615e+06 1.062151757812500000e+04
2.454989933192831930e+06 1.062121972656250000e+04
2.454989953626986127e+06 1.062523925781250000e+04
2.454989974061040208e+06 1.062748144531250000e+04
2.454989994495293591e+06 1.061578515625000000e+04
2.454990014929447323e+06 1.061442871093750000e+04
2.454990035363500472e+06 1.063026660156250000e+04
2.454990055797653273e+06 1.063047558593750000e+04
2.454990076231906191e+06 1.063153808593750000e+04
2.454990096665958408e+06 1.062145117187500000e+04
2.454990117100110743e+06 1.061041503906250000e+04
2.454990137534362730e+06 1.061304882812500000e+04
2.454990157968515065e+06 1.060483300781250000e+04
2.454990178402566351e+06 1.060408789062500000e+04
2.454990198836717755e+06 1.059338378906250000e+04
2.454990219270968810e+06 1.061610351562500000e+04
2.454990239705020096e+06 1.058865234375000000e+04
2.454990260139170568e+06 1.060278320312500000e+04
2.454990280573321041e+06 1.060129199218750000e+04
2.454990301007471513e+06 1.058747949218750000e+04
2.454990321441621520e+06 1.059287304687500000e+04
2.454990341875771061e+06 1.057429199218750000e+04
2.454990362309921067e+06 1.058323242187500000e+04
2.454990382744070143e+06 1.057518652343750000e+04
2.454990403178219683e+06 1.058763671875000000e+04
2.454990423612268176e+06 1.057000976562500000e+04
2.454990444046516903e+06 1.056813574218750000e+04
2.454990464480665512e+06 1.056748925781250000e+04
2.454990484914713539e+06 1.056753906250000000e+04
2.454990505348961335e+06 1.056854003906250000e+04
2.454990525783109479e+06 1.055483886718750000e+04
2.454990546217156574e+06 1.055294921875000000e+04
2.454990566651304252e+06 1.054473144531250000e+04
2.454990587085551117e+06 1.054792773437500000e+04
2.454990607519597746e+06 1.055207324218750000e+04
2.454990627953744493e+06 1.054119628906250000e+04
2.454990648387990892e+06 1.054179101562500000e+04
2.454990668822137173e+06 1.053525585937500000e+04
2.454990689256182872e+06 1.054345703125000000e+04
2.454990709690328687e+06 1.053606152343750000e+04
2.454990730124574155e+06 1.053237011718750000e+04
2.454990750558619387e+06 1.052170507812500000e+04
2.454990770992764272e+06 1.053603808593750000e+04
2.454990791427009273e+06 1.052120214843750000e+04
2.454990811861053575e+06 1.053589941406250000e+04
2.454990832295197994e+06 1.051400390625000000e+04
2.454990852729341947e+06 1.052030175781250000e+04
2.454990873163485900e+06 1.051683398437500000e+04
2.454990893597629853e+06 1.052206347656250000e+04
2.454990914031772874e+06 1.052463671875000000e+04
2.454990934465816244e+06 1.052187109375000000e+04
2.454990954900058918e+06 1.051884667968750000e+04
2.454990975334201939e+06 1.051525976562500000e+04
2.454990995768244378e+06 1.051328222656250000e+04
2.454991016202486586e+06 1.051274804687500000e+04
2.454991036636628676e+06 1.050832128906250000e+04
2.454991057070670184e+06 1.050801757812500000e+04
2.454991077504811808e+06 1.050946191406250000e+04
2.454991097939053085e+06 1.051001953125000000e+04
2.454991118373194244e+06 1.050356738281250000e+04
2.454991138807235286e+06 1.051531640625000000e+04
2.454991159241475631e+06 1.050926855468750000e+04
2.454991179675616324e+06 1.051415820312500000e+04
2.454991200109656435e+06 1.052265039062500000e+04
2.454991220543796197e+06 1.051581542968750000e+04
2.454991240978036076e+06 1.052508886718750000e+04
2.454991261412075721e+06 1.052508886718750000e+04
2.454991281846214551e+06 1.051448242187500000e+04
2.454991302280453965e+06 1.052257128906250000e+04
2.454991322714592330e+06 1.052566601562500000e+04
2.454991343148631044e+06 1.052465820312500000e+04
2.454991363582769409e+06 1.051786718750000000e+04
2.454991384017007425e+06 1.052382324218750000e+04
2.454991404451145325e+06 1.052320312500000000e+04
2.454991424885182641e+06 1.053070410156250000e+04
2.454991445319320541e+06 1.052333593750000000e+04
2.454991465753557626e+06 1.052787500000000000e+04
2.454991486187594477e+06 1.054014453125000000e+04
2.454991506621730980e+06 1.054678417968750000e+04
2.454991527055967599e+06 1.055846191406250000e+04
2.454991547490003984e+06 1.054025292968750000e+04
2.454991567924140021e+06 1.054911621093750000e+04
2.454991588358275592e+06 1.054947460937500000e+04
2.454991608792411163e+06 1.055072167968750000e+04
2.454991629226546735e+06 1.056601953125000000e+04
2.454991649660681840e+06 1.056391699218750000e+04
2.454991670094916597e+06 1.057505078125000000e+04
2.454991690528951120e+06 1.057115820312500000e+04
2.454991710963085294e+06 1.056616015625000000e+04
2.454991731397119816e+06 1.057079199218750000e+04
2.454991751831353642e+06 1.058445898437500000e+04
2.454991772265487351e+06 1.058164746093750000e+04
2.454991792699620593e+06 1.058617382812500000e+04
2.454991813133753836e+06 1.059211523437500000e+04
2.454991833567887079e+06 1.059426464843750000e+04
2.454991854002019856e+06 1.059309570312500000e+04
2.454991874436052050e+06 1.060826757812500000e+04
2.454991894870284479e+06 1.060759570312500000e+04
2.454991915304416325e+06 1.060465527343750000e+04
2.454991935738448519e+06 1.061433398437500000e+04
2.454991956172680017e+06 1.061876171875000000e+04
2.454991976606811397e+06 1.063869824218750000e+04
2.454991997040842660e+06 1.064176269531250000e+04
2.454992017474973109e+06 1.064638281250000000e+04
2.454992037909204140e+06 1.064866210937500000e+04
2.454992058343234472e+06 1.062854882812500000e+04
2.454992078777364921e+06 1.064541699218750000e+04
2.454992099211494438e+06 1.066376367187500000e+04
2.454992119645724539e+06 1.066925195312500000e+04
2.454992140079753939e+06 1.065344726562500000e+04
2.454992160513883457e+06 1.065323339843750000e+04
2.454992180948112160e+06 1.067300878906250000e+04
2.454992201382141095e+06 1.067171875000000000e+04
2.454992221816269681e+06 1.066962207031250000e+04
2.454992242250297684e+06 1.067334570312500000e+04
2.454992262684525922e+06 1.068400097656250000e+04
2.454992283118654042e+06 1.068513281250000000e+04
2.454992303552781697e+06 1.068024609375000000e+04
2.454992323986908887e+06 1.068491503906250000e+04
2.454992344421036076e+06 1.068338085937500000e+04
2.454992364855162799e+06 1.069334179687500000e+04
2.454992385289189871e+06 1.070297851562500000e+04
2.454992405723416246e+06 1.070306640625000000e+04
2.454992426157542504e+06 1.070759570312500000e+04
2.454992446591568179e+06 1.070132324218750000e+04
2.454992467025794089e+06 1.073065039062500000e+04
2.454992487459919415e+06 1.073641894531250000e+04
2.454992507893945090e+06 1.072991308593750000e+04
2.454992528328069951e+06 1.071852734375000000e+04
2.454992548762294929e+06 1.072961523437500000e+04
2.454992569196319673e+06 1.073769140625000000e+04
2.454992589630444068e+06 1.073142773437500000e+04
2.454992610064567998e+06 1.074697656250000000e+04
2.454992630498792045e+06 1.074073535156250000e+04
2.454992650932815392e+06 1.072763574218750000e+04
2.454992671366938855e+06 1.073285644531250000e+04
2.454992691801161971e+06 1.073410058593750000e+04
2.454992712235184852e+06 1.072790234375000000e+04
2.454992732669307850e+06 1.073955078125000000e+04
2.454992753103430383e+06 1.073578613281250000e+04
2.454992773537552450e+06 1.074384179687500000e+04
2.454992793971674517e+06 1.074261816406250000e+04
2.454992814405796118e+06 1.073958984375000000e+04
2.454992834839917719e+06 1.073143164062500000e+04
2.454992855274038855e+06 1.072760253906250000e+04
2.454992875708160456e+06 1.073912500000000000e+04
2.454992896142181009e+06 1.074224023437500000e+04
2.454992916576401331e+06 1.075253027343750000e+04
2.454992937010522000e+06 1.075174218750000000e+04
2.454992957444642205e+06 1.074520117187500000e+04
2.454992977878761943e+06 1.074473730468750000e+04
2.454992998312881682e+06 1.075654492187500000e+04
2.454993018747000955e+06 1.074807519531250000e+04
2.454993039181120228e+06 1.074516308593750000e+04
2.454993059615239501e+06 1.074644531250000000e+04
2.454993080049357843e+06 1.074036132812500000e+04
2.454993100483476650e+06 1.074150976562500000e+04
2.454993120917494409e+06 1.073322949218750000e+04
2.454993141351712868e+06 1.072765820312500000e+04
2.454993161785830278e+06 1.073247070312500000e+04
2.454993182219848037e+06 1.072289160156250000e+04
2.454993202654065564e+06 1.072229394531250000e+04
2.454993223088182509e+06 1.073495312500000000e+04
2.454993243522199336e+06 1.072997949218750000e+04
2.454993263956315815e+06 1.073351757812500000e+04
2.454993284390532412e+06 1.072709863281250000e+04
2.454993304824548308e+06 1.071405859375000000e+04
2.454993325258664321e+06 1.072291992187500000e+04
2.454993345692879986e+06 1.071728906250000000e+04
2.454993366126995068e+06 1.070630078125000000e+04
2.454993386561010499e+06 1.070257910156250000e+04
2.454993406995125581e+06 1.070489746093750000e+04
2.454993427429339848e+06 1.071897851562500000e+04
2.454993447863354348e+06 1.070780859375000000e+04
2.454993468297468498e+06 1.070192089843750000e+04
2.454993488731682766e+06 1.069667578125000000e+04
2.454993509165696334e+06 1.069148828125000000e+04
2.454993529599810019e+06 1.068798730468750000e+04
2.454993550033923239e+06 1.068671875000000000e+04
2.454993570468036458e+06 1.068162988281250000e+04
2.454993590902149212e+06 1.068729296875000000e+04
2.454993611336261500e+06 1.068191699218750000e+04
2.454993631770274136e+06 1.067002539062500000e+04
2.454993652204486076e+06 1.066608203125000000e+04
2.454993672638597898e+06 1.065767675781250000e+04
2.454993693072609603e+06 1.066272265625000000e+04
2.454993713506821077e+06 1.066472265625000000e+04
2.454993733940931968e+06 1.064889257812500000e+04
2.454993754374943208e+06 1.065449316406250000e+04
2.454993774809053633e+06 1.068856445312500000e+04
2.454993795243264176e+06 1.066349902343750000e+04
2.454993815677374601e+06 1.064876953125000000e+04
2.454993836111384444e+06 1.063637304687500000e+04
2.454993856545594055e+06 1.062812988281250000e+04
2.454993876979703549e+06 1.065944042968750000e+04
2.454993897413712926e+06 1.065942089843750000e+04
2.454993917847821955e+06 1.063718750000000000e+04
2.454993938282030635e+06 1.062459765625000000e+04
2.454993958716039080e+06 1.062218457031250000e+04
2.454993979150147177e+06 1.062346679687500000e+04
2.454993999584355392e+06 1.060905273437500000e+04
2.454994020018362906e+06 1.061876660156250000e+04
2.454994040452470537e+06 1.060998828125000000e+04
2.454994060886578169e+06 1.061275781250000000e+04
2.454994081320685335e+06 1.061009375000000000e+04
2.454994101754792035e+06 1.061682519531250000e+04
2.454994122188898735e+06 1.059953222656250000e+04
2.454994142623105086e+06 1.060822558593750000e+04
2.454994163057111204e+06 1.060654394531250000e+04
2.454994183491216972e+06 1.059760156250000000e+04
2.454994203925222624e+06 1.059957714843750000e+04
2.454994224359428044e+06 1.059304882812500000e+04
2.454994244793533348e+06 1.059304882812500000e+04
2.454994265227638185e+06 1.059172460937500000e+04
2.454994285661642905e+06 1.058669726562500000e+04
2.454994306095847394e+06 1.059846679687500000e+04
2.454994326529951766e+06 1.060157421875000000e+04
2.454994346963955555e+06 1.059405761718750000e+04
2.454994367398159578e+06 1.059246972656250000e+04
2.454994387832263019e+06 1.059573144531250000e+04
2.454994408266266342e+06 1.059364062500000000e+04
2.454994428700369317e+06 1.058848730468750000e+04
2.454994449134571943e+06 1.059331445312500000e+04
2.454994469568574801e+06 1.059762402343750000e+04
2.454994490002676845e+06 1.059818652343750000e+04
2.454994510436879005e+06 1.059869238281250000e+04
2.454994530870880932e+06 1.059987304687500000e+04
2.454994551304982509e+06 1.060631054687500000e+04
2.454994571739084087e+06 1.060409472656250000e+04
2.454994592173284851e+06 1.060688964843750000e+04
2.454994612607285846e+06 1.060572656250000000e+04
2.454994633041386493e+06 1.061795800781250000e+04
2.454994653475586791e+06 1.060947949218750000e+04
2.454994673909686971e+06 1.061017285156250000e+04
2.454994694343687035e+06 1.061405566406250000e+04
2.454994714777786750e+06 1.061408300781250000e+04
2.454994735211986117e+06 1.061902343750000000e+04
2.454994755645985249e+06 1.062108593750000000e+04
2.454994776080084033e+06 1.063025488281250000e+04
2.454994796514182817e+06 1.063525390625000000e+04
2.454994816948281601e+06 1.063629492187500000e+04
2.454994837382379919e+06 1.064142968750000000e+04
2.454994857816477772e+06 1.062207812500000000e+04
2.454994878250675276e+06 1.062545703125000000e+04
2.454994898684673011e+06 1.063229687500000000e+04
2.454994919118770398e+06 1.063054589843750000e+04
2.454994939552767202e+06 1.063447363281250000e+04
2.454994959986964241e+06 1.064225195312500000e+04
2.454994980421060696e+06 1.063740722656250000e+04
2.454995000855157152e+06 1.064613671875000000e+04
2.454995021289253142e+06 1.067587109375000000e+04
2.454995041723349132e+06 1.066572656250000000e+04
2.454995062157444656e+06 1.065295214843750000e+04
2.454995082591440063e+06 1.065687011718750000e+04
2.454995103025634773e+06 1.065348535156250000e+04
2.454995123459729832e+06 1.065566308593750000e+04
2.454995143893724307e+06 1.065944042968750000e+04
2.454995164327919018e+06 1.065829003906250000e+04
2.454995184762013145e+06 1.065441308593750000e+04
2.454995205196006689e+06 1.065533496093750000e+04
2.454995225630100816e+06 1.066512109375000000e+04
2.454995246064294130e+06 1.065849316406250000e+04
2.454995266498287208e+06 1.065414843750000000e+04
2.454995286932379939e+06 1.065582714843750000e+04
2.454995307366572786e+06 1.066892968750000000e+04
2.454995327800665051e+06 1.066305468750000000e+04
2.454995348234657198e+06 1.065337109375000000e+04
2.454995368668749463e+06 1.065927832031250000e+04
2.454995389102940913e+06 1.065862792968750000e+04
2.454995409536932595e+06 1.066627050781250000e+04
2.454995429971023928e+06 1.065885546875000000e+04
2.454995450405015144e+06 1.065403125000000000e+04
2.454995470839205664e+06 1.065128906250000000e+04
2.454995491273296531e+06 1.065628417968750000e+04
2.454995511706786230e+06 1.064984375000000000e+04
2.454995532140976749e+06 1.064356738281250000e+04
2.454995552574966568e+06 1.065524316406250000e+04
2.454995573009056039e+06 1.064732031250000000e+04
2.454995593443145044e+06 1.064187695312500000e+04
2.454995613877334166e+06 1.063801660156250000e+04
2.454995634311323054e+06 1.062982226562500000e+04
2.454995654745411593e+06 1.063514941406250000e+04
2.454995675179600250e+06 1.062913085937500000e+04
2.454995695613588206e+06 1.063205761718750000e+04
2.454995716047675814e+06 1.062984082031250000e+04
2.454995736481763888e+06 1.062171582031250000e+04
2.454995756915851030e+06 1.061887890625000000e+04
2.454995777349938173e+06 1.061730761718750000e+04
2.454995797784024850e+06 1.062104296875000000e+04
2.454995818218111526e+06 1.061718261718750000e+04
2.454995838652197737e+06 1.061302148437500000e+04
2.454995859086284414e+06 1.061795312500000000e+04
2.454995879520270042e+06 1.060581933593750000e+04
2.454995899954455439e+06 1.060273046875000000e+04
2.454995920388541184e+06 1.058891601562500000e+04
2.454995940822526347e+06 1.059790527343750000e+04
2.454995961256611161e+06 1.058786523437500000e+04
2.454995981690796092e+06 1.058639062500000000e+04
2.454996002124780789e+06 1.059329101562500000e+04
2.454996022558864672e+06 1.058446777343750000e+04
2.454996042993048672e+06 1.057649609375000000e+04
2.454996063427132089e+06 1.057930957031250000e+04
2.454996083861115854e+06 1.057466601562500000e+04
2.454996104295198806e+06 1.057640039062500000e+04
2.454996124729382340e+06 1.057690136718750000e+04
2.454996145163364708e+06 1.057151660156250000e+04
2.454996165597447660e+06 1.056748046875000000e+04
2.454996186031629797e+06 1.055355371093750000e+04
2.454996206465611700e+06 1.056213378906250000e+04
2.454996226899693254e+06 1.056998046875000000e+04
2.454996247333775274e+06 1.055990136718750000e+04
2.454996267767856363e+06 1.055890234375000000e+04
2.454996288201937452e+06 1.056388183593750000e+04
2.454996308636018075e+06 1.056205859375000000e+04
2.454996329070198815e+06 1.057034277343750000e+04
2.454996349504178856e+06 1.055546777343750000e+04
2.454996369938259013e+06 1.056148925781250000e+04
2.454996390372238588e+06 1.054831542968750000e+04
2.454996410806418397e+06 1.056050000000000000e+04
2.454996431240497623e+06 1.056297265625000000e+04
2.454996451674476732e+06 1.054967187500000000e+04
2.454996472108655609e+06 1.055865917968750000e+04
2.454996492542734370e+06 1.055892773437500000e+04
2.454996512976812664e+06 1.055920507812500000e+04
2.454996533410790842e+06 1.055626171875000000e+04
2.454996553844968788e+06 1.055576660156250000e+04
2.454996574279046152e+06 1.055835449218750000e+04
2.454996594713023864e+06 1.054845507812500000e+04
2.454996615147100762e+06 1.055329785156250000e+04
2.454996635581277777e+06 1.055311914062500000e+04
2.454996656015254091e+06 1.055243261718750000e+04
2.454996676449330524e+06 1.054235058593750000e+04
2.454996696883507073e+06 1.054363769531250000e+04
2.454996717317482922e+06 1.055405175781250000e+04
2.454996737751558423e+06 1.056115332031250000e+04
2.454996758185633924e+06 1.055582714843750000e+04
2.454996778619708959e+06 1.054917480468750000e+04
2.454996799053783994e+06 1.055931347656250000e+04
2.454996819487858564e+06 1.056320312500000000e+04
2.454996839922032785e+06 1.056585644531250000e+04
2.454996860356007237e+06 1.055741699218750000e+04
2.454996880790081341e+06 1.055987695312500000e+04
2.454996901224054862e+06 1.056726855468750000e+04
2.454996921658228152e+06 1.055632324218750000e+04
2.454996942092301324e+06 1.057126074218750000e+04
2.454996962526374497e+06 1.056157421875000000e+04
2.454996982960447203e+06 1.057599511718750000e+04
2.454997003394519445e+06 1.055881054687500000e+04
2.454997023828591686e+06 1.057295800781250000e+04
2.454997044262563810e+06 1.057868359375000000e+04
2.454997064696735702e+06 1.058125488281250000e+04
2.454997085130807012e+06 1.058278027343750000e+04
2.454997105564878322e+06 1.059188964843750000e+04
2.454997125998849049e+06 1.063666699218750000e+04
2.454997146433020011e+06 1.063058398437500000e+04
2.454997166866990738e+06 1.064455175781250000e+04
2.454997187301061116e+06 1.063879687500000000e+04
2.454997207735230681e+06 1.064489062500000000e+04
2.454997228169300593e+06 1.064489062500000000e+04
2.454997248603269923e+06 1.060586425781250000e+04
2.454997269037339371e+06 1.062551074218750000e+04
2.454997289471408352e+06 1.062349316406250000e+04
2.454997309905477334e+06 1.062057617187500000e+04
2.454997330339545850e+06 1.062976464843750000e+04
2.454997350773714017e+06 1.062964257812500000e+04
2.454997371207782067e+06 1.063103125000000000e+04
2.454997391641750000e+06 1.063844824218750000e+04
2.454997412075817585e+06 1.063094726562500000e+04
2.454997432509884704e+06 1.063991113281250000e+04
2.454997452943951823e+06 1.064911230468750000e+04
2.454997473378018476e+06 1.063606542968750000e+04
2.454997493812184781e+06 1.064189843750000000e+04
2.454997514246151317e+06 1.064119140625000000e+04
2.454997534680217505e+06 1.063191113281250000e+04
2.454997555114283226e+06 1.063982324218750000e+04
2.454997575548348948e+06 1.065002343750000000e+04
2.454997595982414205e+06 1.065897460937500000e+04
2.454997616416478995e+06 1.066170410156250000e+04
2.454997636850444134e+06 1.066912500000000000e+04
2.454997657284608576e+06 1.067175097656250000e+04
2.454997677718672901e+06 1.068189355468750000e+04
2.454997698152736761e+06 1.068222851562500000e+04
2.454997718586801086e+06 1.066875683593750000e+04
2.454997739020864479e+06 1.067708300781250000e+04
2.454997759454927873e+06 1.067686523437500000e+04
2.454997779888891149e+06 1.068986621093750000e+04
2.454997800323053729e+06 1.069254003906250000e+04
2.454997820757116191e+06 1.069322851562500000e+04
2.454997841191078536e+06 1.068001171875000000e+04
2.454997861625240650e+06 1.068745996093750000e+04
2.454997882059302647e+06 1.069073144531250000e+04
2.454997902493264060e+06 1.069718750000000000e+04
2.454997922927325591e+06 1.070964355468750000e+04
2.454997943361486774e+06 1.070496972656250000e+04
2.454997963795447722e+06 1.069389062500000000e+04
2.454997984229508322e+06 1.070695703125000000e+04
