1659.0	1.0	3.0
1659.0	2.0	4.0
1659.0	3.0	6.0
1659.0	4.0	7.0
1659.0	5.0	11.0
1659.0	6.0	13.0
1659.0	7.0	16.0
1659.0	8.0	16.0
1659.0	9.0	13.0
1659.0	10.0	10.0
1659.0	11.0	5.0
1659.0	12.0	2.0
1660.0	1.0	0.0
1660.0	2.0	4.0
1660.0	3.0	6.0
1660.0	4.0	9.0
1660.0	5.0	11.0
1660.0	6.0	14.0
1660.0	7.0	15.0
1660.0	8.0	16.0
1660.0	9.0	13.0
1660.0	10.0	10.0
1660.0	11.0	6.0
1660.0	12.0	5.0
1661.0	1.0	5.0
1661.0	2.0	5.0
1661.0	3.0	6.0
1661.0	4.0	8.0
1661.0	5.0	11.0
1661.0	6.0	14.0
1661.0	7.0	15.0
1661.0	8.0	15.0
1661.0	9.0	13.0
1661.0	10.0	11.0
1661.0	11.0	8.0
1661.0	12.0	6.0
1662.0	1.0	5.0
1662.0	2.0	6.0
1662.0	3.0	6.0
1662.0	4.0	8.0
1662.0	5.0	11.0
1662.0	6.0	15.0
1662.0	7.0	15.0
1662.0	8.0	15.0
1662.0	9.0	13.0
1662.0	10.0	11.0
1662.0	11.0	6.0
1662.0	12.0	3.0
1663.0	1.0	1.0
1663.0	2.0	1.0
1663.0	3.0	5.0
1663.0	4.0	7.0
1663.0	5.0	10.0
1663.0	6.0	14.0
1663.0	7.0	15.0
1663.0	8.0	15.0
1663.0	9.0	13.0
1663.0	10.0	10.0
1663.0	11.0	7.0
1663.0	12.0	5.0
1664.0	1.0	4.0
1664.0	2.0	5.0
1664.0	3.0	5.0
1664.0	4.0	8.0
1664.0	5.0	11.0
1664.0	6.0	15.0
1664.0	7.0	16.0
1664.0	8.0	16.0
1664.0	9.0	13.0
1664.0	10.0	9.0
1664.0	11.0	6.0
1664.0	12.0	4.0
1665.0	1.0	1.0
1665.0	2.0	1.0
1665.0	3.0	5.0
1665.0	4.0	7.0
1665.0	5.0	10.0
1665.0	6.0	14.0
1665.0	7.0	16.0
1665.0	8.0	15.0
1665.0	9.0	13.0
1665.0	10.0	9.0
1665.0	11.0	6.0
1665.0	12.0	2.0
1666.0	1.0	4.0
1666.0	2.0	5.0
1666.0	3.0	6.0
1666.0	4.0	8.0
1666.0	5.0	11.0
1666.0	6.0	15.0
1666.0	7.0	18.0
1666.0	8.0	17.0
1666.0	9.0	14.0
1666.0	10.0	11.0
1666.0	11.0	6.0
1666.0	12.0	3.0
1667.0	1.0	0.0
1667.0	2.0	4.0
1667.0	3.0	2.0
1667.0	4.0	7.0
1667.0	5.0	10.0
1667.0	6.0	15.0
1667.0	7.0	17.0
1667.0	8.0	16.0
1667.0	9.0	13.0
1667.0	10.0	9.0
1667.0	11.0	6.0
1667.0	12.0	3.0
1668.0	1.0	5.0
1668.0	2.0	5.0
1668.0	3.0	5.0
1668.0	4.0	8.0
1668.0	5.0	10.0
1668.0	6.0	14.0
1668.0	7.0	16.0
1668.0	8.0	16.0
1668.0	9.0	14.0
1668.0	10.0	10.0
1668.0	11.0	6.0
1668.0	12.0	5.0
1669.0	1.0	1.0
1669.0	2.0	4.0
1669.0	3.0	5.0
1669.0	4.0	7.0
1669.0	5.0	11.0
1669.0	6.0	15.0
1669.0	7.0	17.0
1669.0	8.0	16.0
1669.0	9.0	14.0
1669.0	10.0	10.0
1669.0	11.0	6.0
1669.0	12.0	2.0
1670.0	1.0	3.0
1670.0	2.0	1.0
1670.0	3.0	5.0
1670.0	4.0	8.0
1670.0	5.0	11.0
1670.0	6.0	14.0
1670.0	7.0	16.0
1670.0	8.0	16.0
1670.0	9.0	14.0
1670.0	10.0	10.0
1670.0	11.0	6.0
1670.0	12.0	3.0
1671.0	1.0	4.0
1671.0	2.0	3.5
1671.0	3.0	5.0
1671.0	4.0	7.5
1671.0	5.0	11.5
1671.0	6.0	13.5
1671.0	7.0	16.0
1671.0	8.0	15.5
1671.0	9.0	13.5
1671.0	10.0	8.5
1671.0	11.0	6.0
1671.0	12.0	4.0
1672.0	1.0	1.5
1672.0	2.0	1.5
1672.0	3.0	5.0
1672.0	4.0	7.0
1672.0	5.0	12.0
1672.0	6.0	16.0
1672.0	7.0	15.0
1672.0	8.0	14.0
1672.0	9.0	11.0
1672.0	10.0	11.5
1672.0	11.0	6.5
1672.0	12.0	4.5
1673.0	1.0	5.0
1673.0	2.0	1.5
1673.0	3.0	5.5
1673.0	4.0	7.0
1673.0	5.0	11.0
1673.0	6.0	14.5
1673.0	7.0	15.5
1673.0	8.0	15.5
1673.0	9.0	11.5
1673.0	10.0	7.5
1673.0	11.0	5.0
1673.0	12.0	0.5
1674.0	1.0	5.0
1674.0	2.0	2.0
1674.0	3.0	1.0
1674.0	4.0	7.5
1674.0	5.0	11.0
1674.0	6.0	13.5
1674.0	7.0	14.0
1674.0	8.0	13.5
1674.0	9.0	10.5
1674.0	10.0	9.0
1674.0	11.0	6.5
1674.0	12.0	3.5
1675.0	1.0	3.0
1675.0	2.0	2.0
1675.0	3.0	3.0
1675.0	4.0	7.0
1675.0	5.0	10.5
1675.0	6.0	11.5
1675.0	7.0	15.0
1675.0	8.0	14.5
1675.0	9.0	10.5
1675.0	10.0	8.0
1675.0	11.0	4.5
1675.0	12.0	4.5
1676.0	1.0	5.5
1676.0	2.0	5.0
1676.0	3.0	5.0
1676.0	4.0	7.5
1676.0	5.0	10.5
1676.0	6.0	18.0
1676.0	7.0	16.0
1676.0	8.0	16.5
1676.0	9.0	12.0
1676.0	10.0	7.0
1676.0	11.0	3.5
1676.0	12.0	-0.5
1677.0	1.0	3.0
1677.0	2.0	3.5
1677.0	3.0	7.0
1677.0	4.0	7.5
1677.0	5.0	10.0
1677.0	6.0	13.0
1677.0	7.0	18.0
1677.0	8.0	15.0
1677.0	9.0	13.0
1677.0	10.0	8.5
1677.0	11.0	4.5
1677.0	12.0	2.0
1678.0	1.0	1.5
1678.0	2.0	2.0
1678.0	3.0	4.0
1678.0	4.0	6.5
1678.0	5.0	11.0
1678.0	6.0	14.5
1678.0	7.0	16.5
1678.0	8.0	15.0
1678.0	9.0	15.0
1678.0	10.0	8.5
1678.0	11.0	6.0
1678.0	12.0	0.5
1679.0	1.0	1.0
1679.0	2.0	1.5
1679.0	3.0	4.5
1679.0	4.0	7.0
1679.0	5.0	12.0
1679.0	6.0	15.5
1679.0	7.0	16.0
1679.0	8.0	17.0
1679.0	9.0	13.0
1679.0	10.0	11.0
1679.0	11.0	3.5
1679.0	12.0	2.5
1680.0	1.0	3.5
1680.0	2.0	3.5
1680.0	3.0	6.0
1680.0	4.0	6.5
1680.0	5.0	10.5
1680.0	6.0	13.0
1680.0	7.0	16.0
1680.0	8.0	15.0
1680.0	9.0	14.5
1680.0	10.0	10.5
1680.0	11.0	6.5
1680.0	12.0	1.0
1681.0	1.0	0.5
1681.0	2.0	1.5
1681.0	3.0	4.0
1681.0	4.0	8.0
1681.0	5.0	10.5
1681.0	6.0	14.0
1681.0	7.0	15.0
1681.0	8.0	16.0
1681.0	9.0	14.0
1681.0	10.0	11.5
1681.0	11.0	6.5
1681.0	12.0	3.0
1682.0	1.0	6.0
1682.0	2.0	2.0
1682.0	3.0	4.5
1682.0	4.0	6.5
1682.0	5.0	11.5
1682.0	6.0	14.0
1682.0	7.0	15.0
1682.0	8.0	14.5
1682.0	9.0	13.0
1682.0	10.0	9.5
1682.0	11.0	5.5
1682.0	12.0	6.0
1683.0	1.0	3.5
1683.0	2.0	2.0
1683.0	3.0	5.5
1683.0	4.0	9.5
1683.0	5.0	11.5
1683.0	6.0	16.0
1683.0	7.0	15.5
1683.0	8.0	13.5
1683.0	9.0	13.0
1683.0	10.0	6.5
1683.0	11.0	4.5
1683.0	12.0	0.5
1684.0	1.0	-3.0
1684.0	2.0	-1.0
1684.0	3.0	3.0
1684.0	4.0	6.5
1684.0	5.0	13.0
1684.0	6.0	15.0
1684.0	7.0	16.0
1684.0	8.0	15.5
1684.0	9.0	12.0
1684.0	10.0	11.0
1684.0	11.0	3.0
1684.0	12.0	4.0
1685.0	1.0	0.5
1685.0	2.0	3.5
1685.0	3.0	5.0
1685.0	4.0	8.5
1685.0	5.0	12.5
1685.0	6.0	14.5
1685.0	7.0	14.0
1685.0	8.0	14.5
1685.0	9.0	11.5
1685.0	10.0	11.5
1685.0	11.0	7.0
1685.0	12.0	6.5
1686.0	1.0	6.5
1686.0	2.0	6.0
1686.0	3.0	7.0
1686.0	4.0	8.5
1686.0	5.0	12.5
1686.0	6.0	15.5
1686.0	7.0	16.5
1686.0	8.0	14.5
1686.0	9.0	13.0
1686.0	10.0	9.0
1686.0	11.0	6.5
1686.0	12.0	6.0
1687.0	1.0	3.5
1687.0	2.0	4.5
1687.0	3.0	4.5
1687.0	4.0	6.5
1687.0	5.0	11.0
1687.0	6.0	13.0
1687.0	7.0	15.5
1687.0	8.0	15.0
1687.0	9.0	11.0
1687.0	10.0	11.0
1687.0	11.0	6.0
1687.0	12.0	6.0
1688.0	1.0	3.5
1688.0	2.0	1.5
1688.0	3.0	3.5
1688.0	4.0	5.5
1688.0	5.0	10.5
1688.0	6.0	13.0
1688.0	7.0	15.5
1688.0	8.0	15.0
1688.0	9.0	12.0
1688.0	10.0	7.0
1688.0	11.0	4.0
1688.0	12.0	3.0
1689.0	1.0	0.5
1689.0	2.0	4.5
1689.0	3.0	5.0
1689.0	4.0	8.0
1689.0	5.0	11.0
1689.0	6.0	12.0
1689.0	7.0	15.5
1689.0	8.0	15.5
1689.0	9.0	13.0
1689.0	10.0	8.0
1689.0	11.0	5.0
1689.0	12.0	4.5
1690.0	1.0	4.0
1690.0	2.0	4.5
1690.0	3.0	4.5
1690.0	4.0	8.0
1690.0	5.0	9.5
1690.0	6.0	13.5
1690.0	7.0	15.5
1690.0	8.0	15.0
1690.0	9.0	13.0
1690.0	10.0	8.5
1690.0	11.0	6.5
1690.0	12.0	4.5
1691.0	1.0	1.0
1691.0	2.0	1.0
1691.0	3.0	5.0
1691.0	4.0	6.5
1691.0	5.0	10.0
1691.0	6.0	14.5
1691.0	7.0	15.5
1691.0	8.0	15.5
1691.0	9.0	11.0
1691.0	10.0	9.0
1691.0	11.0	5.0
1691.0	12.0	3.5
1692.0	1.0	2.0
1692.0	2.0	0.0
1692.0	3.0	4.0
1692.0	4.0	7.5
1692.0	5.0	9.0
1692.0	6.0	13.5
1692.0	7.0	15.0
1692.0	8.0	15.0
1692.0	9.0	11.5
1692.0	10.0	6.5
1692.0	11.0	5.0
1692.0	12.0	3.5
1693.0	1.0	3.0
1693.0	2.0	5.0
1693.0	3.0	3.0
1693.0	4.0	6.5
1693.0	5.0	9.0
1693.0	6.0	14.5
1693.0	7.0	15.0
1693.0	8.0	15.0
1693.0	9.0	12.0
1693.0	10.0	9.5
1693.0	11.0	6.0
1693.0	12.0	3.0
1694.0	1.0	0.0
1694.0	2.0	5.0
1694.0	3.0	3.5
1694.0	4.0	7.5
1694.0	5.0	9.0
1694.0	6.0	13.0
1694.0	7.0	15.0
1694.0	8.0	13.0
1694.0	9.0	10.5
1694.0	10.0	7.5
1694.0	11.0	5.5
1694.0	12.0	2.5
1695.0	1.0	-1.0
1695.0	2.0	0.5
1695.0	3.0	3.5
1695.0	4.0	5.5
1695.0	5.0	9.0
1695.0	6.0	13.0
1695.0	7.0	13.5
1695.0	8.0	13.0
1695.0	9.0	11.5
1695.0	10.0	9.0
1695.0	11.0	5.5
1695.0	12.0	4.0
1696.0	1.0	5.5
1696.0	2.0	4.5
1696.0	3.0	3.5
1696.0	4.0	5.5
1696.0	5.0	10.5
1696.0	6.0	13.0
1696.0	7.0	15.5
1696.0	8.0	15.5
1696.0	9.0	11.5
1696.0	10.0	9.0
1696.0	11.0	5.5
1696.0	12.0	2.5
1697.0	1.0	1.0
1697.0	2.0	0.5
1697.0	3.0	5.5
1697.0	4.0	7.0
1697.0	5.0	11.5
1697.0	6.0	13.0
1697.0	7.0	15.5
1697.0	8.0	14.5
1697.0	9.0	12.0
1697.0	10.0	9.0
1697.0	11.0	4.0
1697.0	12.0	2.5
1698.0	1.0	0.0
1698.0	2.0	0.5
1698.0	3.0	3.5
1698.0	4.0	7.5
1698.0	5.0	8.5
1698.0	6.0	12.0
1698.0	7.0	15.0
1698.0	8.0	15.0
1698.0	9.0	13.0
1698.0	10.0	9.0
1698.0	11.0	4.0
1698.0	12.0	3.5
1699.0	1.0	3.4
1699.0	2.0	3.4
1699.0	3.0	3.9
1699.0	4.0	6.4
1699.0	5.0	10.0
1699.0	6.0	14.4
1699.0	7.0	17.2
1699.0	8.0	15.0
1699.0	9.0	13.3
1699.0	10.0	9.4
1699.0	11.0	5.6
1699.0	12.0	3.6
1700.0	1.0	3.9
1700.0	2.0	2.5
1700.0	3.0	3.6
1700.0	4.0	6.4
1700.0	5.0	12.0
1700.0	6.0	13.6
1700.0	7.0	15.0
1700.0	8.0	15.0
1700.0	9.0	12.8
1700.0	10.0	8.9
1700.0	11.0	5.0
1700.0	12.0	4.2
1701.0	1.0	2.8
1701.0	2.0	2.5
1701.0	3.0	2.8
1701.0	4.0	4.7
1701.0	5.0	10.9
1701.0	6.0	14.2
1701.0	7.0	18.3
1701.0	8.0	16.1
1701.0	9.0	14.7
1701.0	10.0	7.5
1701.0	11.0	6.4
1701.0	12.0	3.6
1702.0	1.0	5.0
1702.0	2.0	6.7
1702.0	3.0	5.8
1702.0	4.0	5.8
1702.0	5.0	10.6
1702.0	6.0	13.3
1702.0	7.0	15.0
1702.0	8.0	16.1
1702.0	9.0	14.4
1702.0	10.0	10.0
1702.0	11.0	4.4
1702.0	12.0	4.4
1703.0	1.0	2.2
1703.0	2.0	3.9
1703.0	3.0	5.6
1703.0	4.0	8.3
1703.0	5.0	11.9
1703.0	6.0	13.9
1703.0	7.0	16.1
1703.0	8.0	16.1
1703.0	9.0	10.6
1703.0	10.0	7.8
1703.0	11.0	7.2
1703.0	12.0	5.1
1704.0	1.0	2.0
1704.0	2.0	3.3
1704.0	3.0	5.3
1704.0	4.0	8.3
1704.0	5.0	11.5
1704.0	6.0	14.4
1704.0	7.0	16.7
1704.0	8.0	16.9
1704.0	9.0	11.9
1704.0	10.0	8.3
1704.0	11.0	6.4
1704.0	12.0	3.6
1705.0	1.0	2.8
1705.0	2.0	3.9
1705.0	3.0	4.4
1705.0	4.0	7.8
1705.0	5.0	11.2
1705.0	6.0	12.2
1705.0	7.0	15.6
1705.0	8.0	17.5
1705.0	9.0	11.9
1705.0	10.0	8.9
1705.0	11.0	3.9
1705.0	12.0	4.4
1706.0	1.0	2.8
1706.0	2.0	4.2
1706.0	3.0	6.4
1706.0	4.0	8.9
1706.0	5.0	12.2
1706.0	6.0	15.6
1706.0	7.0	16.1
1706.0	8.0	16.7
1706.0	9.0	12.5
1706.0	10.0	11.2
1706.0	11.0	6.1
1706.0	12.0	4.7
1707.0	1.0	3.5
1707.0	2.0	3.0
1707.0	3.0	5.0
1707.0	4.0	8.5
1707.0	5.0	11.0
1707.0	6.0	16.0
1707.0	7.0	17.0
1707.0	8.0	16.0
1707.0	9.0	14.0
1707.0	10.0	8.5
1707.0	11.0	6.5
1707.0	12.0	3.5
1708.0	1.0	6.0
1708.0	2.0	4.0
1708.0	3.0	6.5
1708.0	4.0	9.5
1708.0	5.0	10.5
1708.0	6.0	14.0
1708.0	7.0	15.0
1708.0	8.0	17.0
1708.0	9.0	15.0
1708.0	10.0	8.5
1708.0	11.0	7.0
1708.0	12.0	3.0
1709.0	1.0	-1.5
1709.0	2.0	2.0
1709.0	3.0	3.0
1709.0	4.0	9.0
1709.0	5.0	12.0
1709.0	6.0	14.5
1709.0	7.0	15.5
1709.0	8.0	15.5
1709.0	9.0	13.5
1709.0	10.0	10.0
1709.0	11.0	7.5
1709.0	12.0	3.5
1710.0	1.0	2.5
1710.0	2.0	3.5
1710.0	3.0	6.0
1710.0	4.0	6.5
1710.0	5.0	11.5
1710.0	6.0	14.5
1710.0	7.0	15.0
1710.0	8.0	15.5
1710.0	9.0	13.5
1710.0	10.0	9.5
1710.0	11.0	8.0
1710.0	12.0	7.5
1711.0	1.0	5.0
1711.0	2.0	2.0
1711.0	3.0	5.5
1711.0	4.0	9.5
1711.0	5.0	11.0
1711.0	6.0	15.5
1711.0	7.0	15.5
1711.0	8.0	15.0
1711.0	9.0	13.0
1711.0	10.0	9.5
1711.0	11.0	7.0
1711.0	12.0	4.0
1712.0	1.0	3.0
1712.0	2.0	4.5
1712.0	3.0	5.0
1712.0	4.0	7.5
1712.0	5.0	11.0
1712.0	6.0	15.0
1712.0	7.0	16.0
1712.0	8.0	15.0
1712.0	9.0	13.0
1712.0	10.0	9.5
1712.0	11.0	6.0
1712.0	12.0	4.0
1713.0	1.0	3.0
1713.0	2.0	5.5
1713.0	3.0	4.5
1713.0	4.0	5.5
1713.0	5.0	10.5
1713.0	6.0	13.5
1713.0	7.0	14.0
1713.0	8.0	15.0
1713.0	9.0	14.0
1713.0	10.0	9.5
1713.0	11.0	4.5
1713.0	12.0	4.0
1714.0	1.0	4.0
1714.0	2.0	5.5
1714.0	3.0	5.0
1714.0	4.0	7.5
1714.0	5.0	10.0
1714.0	6.0	14.5
1714.0	7.0	18.0
1714.0	8.0	15.0
1714.0	9.0	13.0
1714.0	10.0	10.5
1714.0	11.0	6.0
1714.0	12.0	4.0
1715.0	1.0	4.0
1715.0	2.0	5.0
1715.0	3.0	6.5
1715.0	4.0	9.5
1715.0	5.0	11.0
1715.0	6.0	14.0
1715.0	7.0	15.5
1715.0	8.0	15.0
1715.0	9.0	14.0
1715.0	10.0	10.5
1715.0	11.0	6.5
1715.0	12.0	1.5
1716.0	1.0	-2.0
1716.0	2.0	3.0
1716.0	3.0	4.5
1716.0	4.0	9.0
1716.0	5.0	10.5
1716.0	6.0	14.0
1716.0	7.0	15.5
1716.0	8.0	15.5
1716.0	9.0	12.5
1716.0	10.0	9.5
1716.0	11.0	5.5
1716.0	12.0	3.0
1717.0	1.0	4.5
1717.0	2.0	2.5
1717.0	3.0	4.5
1717.0	4.0	7.5
1717.0	5.0	11.0
1717.0	6.0	14.0
1717.0	7.0	15.0
1717.0	8.0	15.5
1717.0	9.0	13.5
1717.0	10.0	9.5
1717.0	11.0	5.5
1717.0	12.0	5.0
1718.0	1.0	1.5
1718.0	2.0	3.0
1718.0	3.0	5.5
1718.0	4.0	7.5
1718.0	5.0	11.0
1718.0	6.0	14.5
1718.0	7.0	17.0
1718.0	8.0	17.0
1718.0	9.0	14.5
1718.0	10.0	9.5
1718.0	11.0	5.5
1718.0	12.0	4.5
1719.0	1.0	3.0
1719.0	2.0	4.0
1719.0	3.0	5.0
1719.0	4.0	7.0
1719.0	5.0	11.5
1719.0	6.0	15.0
1719.0	7.0	18.0
1719.0	8.0	17.0
1719.0	9.0	14.0
1719.0	10.0	9.5
1719.0	11.0	6.0
1719.0	12.0	3.5
1720.0	1.0	4.5
1720.0	2.0	4.0
1720.0	3.0	4.0
1720.0	4.0	7.5
1720.0	5.0	11.0
1720.0	6.0	13.0
1720.0	7.0	16.0
1720.0	8.0	15.0
1720.0	9.0	13.5
1720.0	10.0	9.0
1720.0	11.0	6.0
1720.0	12.0	5.5
1721.0	1.0	4.0
1721.0	2.0	2.0
1721.0	3.0	3.5
1721.0	4.0	8.5
1721.0	5.0	9.5
1721.0	6.0	14.0
1721.0	7.0	15.5
1721.0	8.0	16.0
1721.0	9.0	14.0
1721.0	10.0	9.0
1721.0	11.0	6.0
1721.0	12.0	4.5
1722.0	1.0	4.0
1722.0	2.0	5.0
1722.0	3.0	6.0
1722.0	4.0	7.5
1722.0	5.0	10.5
1722.0	6.0	14.0
1722.0	7.0	15.0
1722.0	8.0	15.0
1722.0	9.0	13.5
1722.0	10.0	10.0
1722.0	11.0	7.8
1722.0	12.0	3.9
1723.0	1.0	1.1
1723.0	2.0	4.4
1723.0	3.0	7.5
1723.0	4.0	8.9
1723.0	5.0	11.7
1723.0	6.0	15.0
1723.0	7.0	15.3
1723.0	8.0	15.6
1723.0	9.0	13.3
1723.0	10.0	11.1
1723.0	11.0	7.5
1723.0	12.0	5.8
1724.0	1.0	5.6
1724.0	2.0	4.2
1724.0	3.0	4.7
1724.0	4.0	7.2
1724.0	5.0	11.4
1724.0	6.0	15.3
1724.0	7.0	15.0
1724.0	8.0	16.2
1724.0	9.0	14.4
1724.0	10.0	8.6
1724.0	11.0	5.3
1724.0	12.0	3.3
1725.0	1.0	4.4
1725.0	2.0	3.3
1725.0	3.0	5.0
1725.0	4.0	8.1
1725.0	5.0	10.8
1725.0	6.0	12.2
1725.0	7.0	13.8
1725.0	8.0	13.3
1725.0	9.0	12.8
1725.0	10.0	9.4
1725.0	11.0	6.9
1725.0	12.0	3.9
1726.0	1.0	1.1
1726.0	2.0	4.2
1726.0	3.0	4.2
1726.0	4.0	8.4
1726.0	5.0	13.4
1726.0	6.0	16.4
1726.0	7.0	16.0
1726.0	8.0	15.6
1726.0	9.0	14.7
1726.0	10.0	10.2
1726.0	11.0	6.1
1726.0	12.0	1.8
1727.0	1.0	4.2
1727.0	2.0	5.0
1727.0	3.0	5.1
1727.0	4.0	9.2
1727.0	5.0	13.6
1727.0	6.0	14.9
1727.0	7.0	16.9
1727.0	8.0	16.9
1727.0	9.0	14.4
1727.0	10.0	10.8
1727.0	11.0	4.7
1727.0	12.0	3.6
1728.0	1.0	3.9
1728.0	2.0	2.4
1728.0	3.0	7.1
1728.0	4.0	8.3
1728.0	5.0	12.5
1728.0	6.0	16.4
1728.0	7.0	16.9
1728.0	8.0	16.0
1728.0	9.0	12.8
1728.0	10.0	9.1
1728.0	11.0	7.2
1728.0	12.0	1.6
1729.0	1.0	1.2
1729.0	2.0	2.3
1729.0	3.0	2.8
1729.0	4.0	7.1
1729.0	5.0	10.3
1729.0	6.0	15.1
1729.0	7.0	16.8
1729.0	8.0	15.7
1729.0	9.0	16.6
1729.0	10.0	10.1
1729.0	11.0	8.1
1729.0	12.0	5.0
1730.0	1.0	4.1
1730.0	2.0	4.7
1730.0	3.0	6.2
1730.0	4.0	8.7
1730.0	5.0	12.4
1730.0	6.0	14.0
1730.0	7.0	15.3
1730.0	8.0	16.3
1730.0	9.0	15.3
1730.0	10.0	10.9
1730.0	11.0	9.2
1730.0	12.0	3.4
1731.0	1.0	1.9
1731.0	2.0	2.2
1731.0	3.0	6.0
1731.0	4.0	6.8
1731.0	5.0	12.1
1731.0	6.0	15.6
1731.0	7.0	16.3
1731.0	8.0	16.7
1731.0	9.0	15.3
1731.0	10.0	12.3
1731.0	11.0	7.8
1731.0	12.0	5.2
1732.0	1.0	2.4
1732.0	2.0	6.4
1732.0	3.0	6.1
1732.0	4.0	8.9
1732.0	5.0	11.4
1732.0	6.0	14.6
1732.0	7.0	16.0
1732.0	8.0	16.6
1732.0	9.0	14.5
1732.0	10.0	10.9
1732.0	11.0	6.3
1732.0	12.0	2.2
1733.0	1.0	6.9
1733.0	2.0	6.0
1733.0	3.0	5.9
1733.0	4.0	10.0
1733.0	5.0	11.2
1733.0	6.0	15.2
1733.0	7.0	18.3
1733.0	8.0	16.1
1733.0	9.0	12.8
1733.0	10.0	9.1
1733.0	11.0	6.5
1733.0	12.0	7.6
1734.0	1.0	4.3
1734.0	2.0	6.4
1734.0	3.0	8.1
1734.0	4.0	9.3
1734.0	5.0	11.1
1734.0	6.0	14.1
1734.0	7.0	16.2
1734.0	8.0	16.2
1734.0	9.0	13.3
1734.0	10.0	8.4
1734.0	11.0	6.2
1734.0	12.0	4.0
1735.0	1.0	4.4
1735.0	2.0	4.0
1735.0	3.0	5.8
1735.0	4.0	8.9
1735.0	5.0	10.9
1735.0	6.0	13.3
1735.0	7.0	14.8
1735.0	8.0	16.2
1735.0	9.0	14.2
1735.0	10.0	10.3
1735.0	11.0	6.3
1735.0	12.0	5.4
1736.0	1.0	6.4
1736.0	2.0	3.1
1736.0	3.0	6.9
1736.0	4.0	8.6
1736.0	5.0	10.6
1736.0	6.0	15.7
1736.0	7.0	16.4
1736.0	8.0	17.8
1736.0	9.0	14.4
1736.0	10.0	10.4
1736.0	11.0	6.9
1736.0	12.0	6.4
1737.0	1.0	6.2
1737.0	2.0	4.2
1737.0	3.0	6.1
1737.0	4.0	8.8
1737.0	5.0	12.5
1737.0	6.0	15.9
1737.0	7.0	17.4
1737.0	8.0	13.8
1737.0	9.0	14.2
1737.0	10.0	8.9
1737.0	11.0	6.1
1737.0	12.0	4.9
1738.0	1.0	4.6
1738.0	2.0	4.6
1738.0	3.0	5.5
1738.0	4.0	9.9
1738.0	5.0	11.4
1738.0	6.0	14.2
1738.0	7.0	16.4
1738.0	8.0	16.0
1738.0	9.0	12.5
1738.0	10.0	10.2
1738.0	11.0	6.3
1738.0	12.0	6.1
1739.0	1.0	4.0
1739.0	2.0	6.8
1739.0	3.0	5.8
1739.0	4.0	6.7
1739.0	5.0	11.6
1739.0	6.0	15.2
1739.0	7.0	16.0
1739.0	8.0	14.7
1739.0	9.0	13.1
1739.0	10.0	9.6
1739.0	11.0	3.7
1739.0	12.0	3.2
1740.0	1.0	-2.8
1740.0	2.0	-1.6
1740.0	3.0	3.9
1740.0	4.0	6.4
1740.0	5.0	8.6
1740.0	6.0	12.8
1740.0	7.0	15.3
1740.0	8.0	14.7
1740.0	9.0	14.0
1740.0	10.0	5.3
1740.0	11.0	3.3
1740.0	12.0	2.2
1741.0	1.0	1.7
1741.0	2.0	4.4
1741.0	3.0	4.2
1741.0	4.0	7.1
1741.0	5.0	9.3
1741.0	6.0	15.2
1741.0	7.0	15.6
1741.0	8.0	16.7
1741.0	9.0	14.7
1741.0	10.0	11.0
1741.0	11.0	7.8
1741.0	12.0	3.9
1742.0	1.0	1.9
1742.0	2.0	3.6
1742.0	3.0	4.1
1742.0	4.0	6.6
1742.0	5.0	10.6
1742.0	6.0	15.0
1742.0	7.0	15.8
1742.0	8.0	15.8
1742.0	9.0	12.2
1742.0	10.0	9.2
1742.0	11.0	4.4
1742.0	12.0	1.1
1743.0	1.0	3.6
1743.0	2.0	5.4
1743.0	3.0	5.3
1743.0	4.0	5.4
1743.0	5.0	13.3
1743.0	6.0	15.6
1743.0	7.0	14.9
1743.0	8.0	16.9
1743.0	9.0	14.2
1743.0	10.0	8.9
1743.0	11.0	9.3
1743.0	12.0	4.9
1744.0	1.0	1.4
1744.0	2.0	2.9
1744.0	3.0	4.8
1744.0	4.0	6.7
1744.0	5.0	10.8
1744.0	6.0	14.4
1744.0	7.0	16.4
1744.0	8.0	15.4
1744.0	9.0	12.8
1744.0	10.0	9.4
1744.0	11.0	6.9
1744.0	12.0	3.5
1745.0	1.0	3.8
1745.0	2.0	2.3
1745.0	3.0	4.4
1745.0	4.0	7.5
1745.0	5.0	11.4
1745.0	6.0	12.2
1745.0	7.0	16.1
1745.0	8.0	15.0
1745.0	9.0	14.2
1745.0	10.0	10.3
1745.0	11.0	5.8
1745.0	12.0	2.7
1746.0	1.0	2.5
1746.0	2.0	1.4
1746.0	3.0	3.1
1746.0	4.0	6.9
1746.0	5.0	12.8
1746.0	6.0	14.3
1746.0	7.0	15.8
1746.0	8.0	15.9
1746.0	9.0	14.2
1746.0	10.0	7.8
1746.0	11.0	3.3
1746.0	12.0	5.3
1747.0	1.0	3.3
1747.0	2.0	5.8
1747.0	3.0	2.5
1747.0	4.0	8.1
1747.0	5.0	12.2
1747.0	6.0	14.7
1747.0	7.0	16.9
1747.0	8.0	18.3
1747.0	9.0	14.4
1747.0	10.0	9.4
1747.0	11.0	6.9
1747.0	12.0	5.3
1748.0	1.0	2.5
1748.0	2.0	1.8
1748.0	3.0	1.8
1748.0	4.0	6.3
1748.0	5.0	10.4
1748.0	6.0	14.8
1748.0	7.0	15.4
1748.0	8.0	15.8
1748.0	9.0	14.2
1748.0	10.0	9.2
1748.0	11.0	7.1
1748.0	12.0	6.0
1749.0	1.0	5.3
1749.0	2.0	3.6
1749.0	3.0	5.3
1749.0	4.0	6.8
1749.0	5.0	12.3
1749.0	6.0	11.9
1749.0	7.0	17.2
1749.0	8.0	15.6
1749.0	9.0	13.8
1749.0	10.0	10.1
1749.0	11.0	6.7
1749.0	12.0	4.7
1750.0	1.0	4.0
1750.0	2.0	6.7
1750.0	3.0	8.2
1750.0	4.0	7.7
1750.0	5.0	10.7
1750.0	6.0	14.2
1750.0	7.0	17.2
1750.0	8.0	15.0
1750.0	9.0	15.2
1750.0	10.0	9.2
1750.0	11.0	4.0
1750.0	12.0	4.2
1751.0	1.0	4.0
1751.0	2.0	1.5
1751.0	3.0	6.2
1751.0	4.0	7.1
1751.0	5.0	9.3
1751.0	6.0	14.9
1751.0	7.0	15.3
1751.0	8.0	14.6
1751.0	9.0	12.6
1751.0	10.0	8.3
1751.0	11.0	4.3
1751.0	12.0	3.0
1752.0	1.0	3.2
1752.0	2.0	3.1
1752.0	3.0	5.6
1752.0	4.0	6.8
1752.0	5.0	10.3
1752.0	6.0	14.8
1752.0	7.0	15.6
1752.0	8.0	15.7
1752.0	9.0	13.9
1752.0	10.0	10.6
1752.0	11.0	6.5
1752.0	12.0	4.2
1753.0	1.0	2.2
1753.0	2.0	3.6
1753.0	3.0	6.0
1753.0	4.0	7.5
1753.0	5.0	12.1
1753.0	6.0	14.6
1753.0	7.0	15.2
1753.0	8.0	15.7
1753.0	9.0	13.1
1753.0	10.0	10.0
1753.0	11.0	4.6
1753.0	12.0	4.4
1754.0	1.0	3.3
1754.0	2.0	2.8
1754.0	3.0	3.4
1754.0	4.0	6.7
1754.0	5.0	12.2
1754.0	6.0	13.6
1754.0	7.0	14.7
1754.0	8.0	15.7
1754.0	9.0	13.9
1754.0	10.0	10.4
1754.0	11.0	5.7
1754.0	12.0	3.6
1755.0	1.0	2.2
1755.0	2.0	1.2
1755.0	3.0	3.9
1755.0	4.0	10.0
1755.0	5.0	9.4
1755.0	6.0	15.7
1755.0	7.0	15.0
1755.0	8.0	14.6
1755.0	9.0	13.5
1755.0	10.0	8.4
1755.0	11.0	4.7
1755.0	12.0	3.9
1756.0	1.0	4.4
1756.0	2.0	4.6
1756.0	3.0	6.0
1756.0	4.0	6.7
1756.0	5.0	9.1
1756.0	6.0	13.8
1756.0	7.0	16.1
1756.0	8.0	14.7
1756.0	9.0	13.6
1756.0	10.0	9.4
1756.0	11.0	3.9
1756.0	12.0	2.9
1757.0	1.0	0.3
1757.0	2.0	4.0
1757.0	3.0	4.9
1757.0	4.0	8.1
1757.0	5.0	10.7
1757.0	6.0	14.0
1757.0	7.0	18.4
1757.0	8.0	15.2
1757.0	9.0	13.3
1757.0	10.0	8.2
1757.0	11.0	7.1
1757.0	12.0	3.2
1758.0	1.0	2.6
1758.0	2.0	3.8
1758.0	3.0	5.2
1758.0	4.0	7.2
1758.0	5.0	13.8
1758.0	6.0	14.6
1758.0	7.0	14.2
1758.0	8.0	16.4
1758.0	9.0	11.9
1758.0	10.0	8.1
1758.0	11.0	5.7
1758.0	12.0	3.9
1759.0	1.0	5.9
1759.0	2.0	5.8
1759.0	3.0	6.1
1759.0	4.0	8.6
1759.0	5.0	12.1
1759.0	6.0	15.0
1759.0	7.0	18.2
1759.0	8.0	16.3
1759.0	9.0	13.5
1759.0	10.0	10.9
1759.0	11.0	5.1
1759.0	12.0	2.5
1760.0	1.0	1.9
1760.0	2.0	3.8
1760.0	3.0	6.6
1760.0	4.0	9.4
1760.0	5.0	11.7
1760.0	6.0	15.2
1760.0	7.0	16.9
1760.0	8.0	15.8
1760.0	9.0	15.7
1760.0	10.0	9.2
1760.0	11.0	5.7
1760.0	12.0	6.1
1761.0	1.0	5.4
1761.0	2.0	5.8
1761.0	3.0	6.8
1761.0	4.0	9.4
1761.0	5.0	11.9
1761.0	6.0	14.3
1761.0	7.0	15.8
1761.0	8.0	16.4
1761.0	9.0	14.2
1761.0	10.0	9.4
1761.0	11.0	6.2
1761.0	12.0	4.4
1762.0	1.0	4.7
1762.0	2.0	4.0
1762.0	3.0	3.7
1762.0	4.0	10.0
1762.0	5.0	12.9
1762.0	6.0	16.9
1762.0	7.0	17.8
1762.0	8.0	15.3
1762.0	9.0	13.6
1762.0	10.0	7.9
1762.0	11.0	4.6
1762.0	12.0	3.6
1763.0	1.0	-0.8
1763.0	2.0	4.9
1763.0	3.0	5.4
1763.0	4.0	8.9
1763.0	5.0	10.2
1763.0	6.0	14.6
1763.0	7.0	15.3
1763.0	8.0	15.3
1763.0	9.0	13.1
1763.0	10.0	8.3
1763.0	11.0	5.8
1763.0	12.0	6.2
1764.0	1.0	3.7
1764.0	2.0	3.8
1764.0	3.0	3.9
1764.0	4.0	7.2
1764.0	5.0	12.2
1764.0	6.0	13.9
1764.0	7.0	16.1
1764.0	8.0	15.2
1764.0	9.0	12.5
1764.0	10.0	8.9
1764.0	11.0	4.4
1764.0	12.0	2.8
1765.0	1.0	4.8
1765.0	2.0	0.4
1765.0	3.0	5.0
1765.0	4.0	7.5
1765.0	5.0	11.4
1765.0	6.0	13.8
1765.0	7.0	15.7
1765.0	8.0	15.3
1765.0	9.0	13.3
1765.0	10.0	9.2
1765.0	11.0	3.9
1765.0	12.0	1.7
1766.0	1.0	0.7
1766.0	2.0	1.7
1766.0	3.0	4.2
1766.0	4.0	8.1
1766.0	5.0	9.7
1766.0	6.0	13.7
1766.0	7.0	15.7
1766.0	8.0	16.6
1766.0	9.0	13.3
1766.0	10.0	9.3
1766.0	11.0	7.2
1766.0	12.0	3.3
1767.0	1.0	0.1
1767.0	2.0	5.4
1767.0	3.0	4.7
1767.0	4.0	7.3
1767.0	5.0	10.0
1767.0	6.0	12.8
1767.0	7.0	14.4
1767.0	8.0	16.1
1767.0	9.0	14.1
1767.0	10.0	9.2
1767.0	11.0	6.9
1767.0	12.0	3.3
1768.0	1.0	0.8
1768.0	2.0	4.8
1768.0	3.0	4.7
1768.0	4.0	8.1
1768.0	5.0	12.2
1768.0	6.0	13.9
1768.0	7.0	15.6
1768.0	8.0	16.0
1768.0	9.0	11.7
1768.0	10.0	9.2
1768.0	11.0	5.6
1768.0	12.0	4.6
1769.0	1.0	2.5
1769.0	2.0	2.7
1769.0	3.0	5.0
1769.0	4.0	7.8
1769.0	5.0	11.3
1769.0	6.0	13.1
1769.0	7.0	16.4
1769.0	8.0	15.0
1769.0	9.0	12.8
1769.0	10.0	8.2
1769.0	11.0	5.7
1769.0	12.0	4.8
1770.0	1.0	3.7
1770.0	2.0	4.6
1770.0	3.0	2.5
1770.0	4.0	5.4
1770.0	5.0	10.0
1770.0	6.0	13.1
1770.0	7.0	15.3
1770.0	8.0	15.8
1770.0	9.0	13.9
1770.0	10.0	8.9
1770.0	11.0	5.3
1770.0	12.0	3.6
1771.0	1.0	1.0
1771.0	2.0	3.2
1771.0	3.0	3.1
1771.0	4.0	5.5
1771.0	5.0	12.2
1771.0	6.0	14.3
1771.0	7.0	15.7
1771.0	8.0	14.3
1771.0	9.0	12.2
1771.0	10.0	9.2
1771.0	11.0	6.3
1771.0	12.0	5.6
1772.0	1.0	1.2
1772.0	2.0	1.9
1772.0	3.0	4.4
1772.0	4.0	6.4
1772.0	5.0	10.1
1772.0	6.0	16.1
1772.0	7.0	16.9
1772.0	8.0	16.1
1772.0	9.0	13.0
1772.0	10.0	11.7
1772.0	11.0	7.2
1772.0	12.0	4.8
1773.0	1.0	4.0
1773.0	2.0	2.6
1773.0	3.0	6.5
1773.0	4.0	8.3
1773.0	5.0	10.3
1773.0	6.0	14.7
1773.0	7.0	15.9
1773.0	8.0	17.2
1773.0	9.0	12.4
1773.0	10.0	9.9
1773.0	11.0	5.3
1773.0	12.0	3.8
1774.0	1.0	0.6
1774.0	2.0	4.3
1774.0	3.0	6.4
1774.0	4.0	8.6
1774.0	5.0	10.9
1774.0	6.0	14.7
1774.0	7.0	16.1
1774.0	8.0	16.1
1774.0	9.0	12.5
1774.0	10.0	10.3
1774.0	11.0	4.8
1774.0	12.0	3.5
1775.0	1.0	4.6
1775.0	2.0	6.1
1775.0	3.0	6.0
1775.0	4.0	9.8
1775.0	5.0	12.6
1775.0	6.0	16.6
1775.0	7.0	16.7
1775.0	8.0	15.8
1775.0	9.0	14.3
1775.0	10.0	9.3
1775.0	11.0	4.8
1775.0	12.0	4.5
1776.0	1.0	-1.6
1776.0	2.0	3.8
1776.0	3.0	6.4
1776.0	4.0	9.4
1776.0	5.0	10.8
1776.0	6.0	14.1
1776.0	7.0	16.3
1776.0	8.0	15.2
1776.0	9.0	12.9
1776.0	10.0	10.2
1776.0	11.0	6.2
1776.0	12.0	4.4
1777.0	1.0	1.9
1777.0	2.0	2.3
1777.0	3.0	6.8
1777.0	4.0	7.2
1777.0	5.0	11.7
1777.0	6.0	13.6
1777.0	7.0	15.3
1777.0	8.0	15.9
1777.0	9.0	14.6
1777.0	10.0	10.2
1777.0	11.0	6.9
1777.0	12.0	2.6
1778.0	1.0	1.9
1778.0	2.0	3.2
1778.0	3.0	4.6
1778.0	4.0	8.2
1778.0	5.0	10.6
1778.0	6.0	15.4
1778.0	7.0	17.3
1778.0	8.0	16.8
1778.0	9.0	12.2
1778.0	10.0	7.4
1778.0	11.0	6.7
1778.0	12.0	6.1
1779.0	1.0	2.9
1779.0	2.0	7.9
1779.0	3.0	7.9
1779.0	4.0	9.4
1779.0	5.0	11.9
1779.0	6.0	14.4
1779.0	7.0	17.9
1779.0	8.0	17.6
1779.0	9.0	15.2
1779.0	10.0	10.9
1779.0	11.0	5.7
1779.0	12.0	3.1
1780.0	1.0	-0.9
1780.0	2.0	2.1
1780.0	3.0	7.9
1780.0	4.0	6.3
1780.0	5.0	12.8
1780.0	6.0	14.2
1780.0	7.0	16.8
1780.0	8.0	17.6
1780.0	9.0	15.6
1780.0	10.0	9.1
1780.0	11.0	4.4
1780.0	12.0	3.2
1781.0	1.0	2.1
1781.0	2.0	4.8
1781.0	3.0	6.6
1781.0	4.0	9.2
1781.0	5.0	12.1
1781.0	6.0	16.2
1781.0	7.0	17.4
1781.0	8.0	17.3
1781.0	9.0	14.2
1781.0	10.0	10.6
1781.0	11.0	6.5
1781.0	12.0	5.4
1782.0	1.0	5.2
1782.0	2.0	1.9
1782.0	3.0	4.1
1782.0	4.0	5.2
1782.0	5.0	9.0
1782.0	6.0	14.9
1782.0	7.0	15.6
1782.0	8.0	14.2
1782.0	9.0	13.3
1782.0	10.0	7.6
1782.0	11.0	2.3
1782.0	12.0	2.8
1783.0	1.0	3.4
1783.0	2.0	3.3
1783.0	3.0	3.3
1783.0	4.0	10.1
1783.0	5.0	10.4
1783.0	6.0	14.8
1783.0	7.0	18.8
1783.0	8.0	15.8
1783.0	9.0	12.8
1783.0	10.0	9.8
1783.0	11.0	6.2
1783.0	12.0	2.7
1784.0	1.0	-0.6
1784.0	2.0	1.4
1784.0	3.0	2.7
1784.0	4.0	5.7
1784.0	5.0	13.5
1784.0	6.0	13.7
1784.0	7.0	15.2
1784.0	8.0	14.0
1784.0	9.0	14.8
1784.0	10.0	7.8
1784.0	11.0	5.5
1784.0	12.0	0.3
1785.0	1.0	3.4
1785.0	2.0	0.4
1785.0	3.0	1.2
1785.0	4.0	8.4
1785.0	5.0	12.3
1785.0	6.0	16.1
1785.0	7.0	16.1
1785.0	8.0	13.9
1785.0	9.0	13.6
1785.0	10.0	8.7
1785.0	11.0	5.6
1785.0	12.0	2.8
1786.0	1.0	2.7
1786.0	2.0	3.4
1786.0	3.0	2.1
1786.0	4.0	8.1
1786.0	5.0	11.2
1786.0	6.0	16.1
1786.0	7.0	15.0
1786.0	8.0	15.1
1786.0	9.0	11.7
1786.0	10.0	7.5
1786.0	11.0	3.3
1786.0	12.0	2.8
1787.0	1.0	3.6
1787.0	2.0	5.9
1787.0	3.0	6.8
1787.0	4.0	7.4
1787.0	5.0	11.5
1787.0	6.0	13.9
1787.0	7.0	15.8
1787.0	8.0	15.6
1787.0	9.0	12.8
1787.0	10.0	9.8
1787.0	11.0	4.5
1787.0	12.0	3.8
1788.0	1.0	3.9
1788.0	2.0	3.8
1788.0	3.0	3.6
1788.0	4.0	9.4
1788.0	5.0	13.8
1788.0	6.0	15.4
1788.0	7.0	15.8
1788.0	8.0	15.8
1788.0	9.0	13.4
1788.0	10.0	9.8
1788.0	11.0	6.1
1788.0	12.0	-0.3
1789.0	1.0	1.5
1789.0	2.0	5.0
1789.0	3.0	2.1
1789.0	4.0	7.4
1789.0	5.0	12.5
1789.0	6.0	14.0
1789.0	7.0	15.4
1789.0	8.0	16.6
1789.0	9.0	13.1
1789.0	10.0	8.6
1789.0	11.0	4.6
1789.0	12.0	6.1
1790.0	1.0	4.3
1790.0	2.0	6.6
1790.0	3.0	6.4
1790.0	4.0	6.1
1790.0	5.0	11.9
1790.0	6.0	14.6
1790.0	7.0	14.9
1790.0	8.0	15.6
1790.0	9.0	12.2
1790.0	10.0	10.3
1790.0	11.0	6.1
1790.0	12.0	4.3
1791.0	1.0	4.3
1791.0	2.0	4.7
1791.0	3.0	6.5
1791.0	4.0	9.6
1791.0	5.0	10.6
1791.0	6.0	14.7
1791.0	7.0	15.3
1791.0	8.0	15.9
1791.0	9.0	13.8
1791.0	10.0	8.9
1791.0	11.0	5.9
1791.0	12.0	1.1
1792.0	1.0	2.3
1792.0	2.0	4.5
1792.0	3.0	5.9
1792.0	4.0	10.0
1792.0	5.0	10.2
1792.0	6.0	13.2
1792.0	7.0	15.3
1792.0	8.0	16.9
1792.0	9.0	11.8
1792.0	10.0	8.8
1792.0	11.0	7.1
1792.0	12.0	4.3
1793.0	1.0	2.8
1793.0	2.0	4.6
1793.0	3.0	4.2
1793.0	4.0	6.2
1793.0	5.0	10.9
1793.0	6.0	13.5
1793.0	7.0	17.6
1793.0	8.0	15.0
1793.0	9.0	11.7
1793.0	10.0	11.3
1793.0	11.0	6.0
1793.0	12.0	5.3
1794.0	1.0	1.8
1794.0	2.0	7.2
1794.0	3.0	7.0
1794.0	4.0	10.2
1794.0	5.0	11.3
1794.0	6.0	15.7
1794.0	7.0	18.1
1794.0	8.0	15.5
1794.0	9.0	12.5
1794.0	10.0	9.6
1794.0	11.0	6.1
1794.0	12.0	3.7
1795.0	1.0	-3.1
1795.0	2.0	0.8
1795.0	3.0	3.9
1795.0	4.0	7.7
1795.0	5.0	10.9
1795.0	6.0	13.2
1795.0	7.0	15.2
1795.0	8.0	16.6
1795.0	9.0	16.0
1795.0	10.0	11.7
1795.0	11.0	4.5
1795.0	12.0	6.6
1796.0	1.0	7.3
1796.0	2.0	4.7
1796.0	3.0	4.2
1796.0	4.0	10.2
1796.0	5.0	10.3
1796.0	6.0	13.9
1796.0	7.0	14.7
1796.0	8.0	15.9
1796.0	9.0	14.6
1796.0	10.0	8.1
1796.0	11.0	4.6
1796.0	12.0	-0.3
1797.0	1.0	3.5
1797.0	2.0	4.6
1797.0	3.0	4.3
1797.0	4.0	7.4
1797.0	5.0	11.3
1797.0	6.0	13.6
1797.0	7.0	17.3
1797.0	8.0	15.8
1797.0	9.0	12.5
1797.0	10.0	8.2
1797.0	11.0	4.7
1797.0	12.0	4.8
1798.0	1.0	3.6
1798.0	2.0	4.0
1798.0	3.0	5.1
1798.0	4.0	10.4
1798.0	5.0	12.9
1798.0	6.0	16.9
1798.0	7.0	16.3
1798.0	8.0	16.4
1798.0	9.0	13.6
1798.0	10.0	9.9
1798.0	11.0	4.7
1798.0	12.0	1.5
1799.0	1.0	1.7
1799.0	2.0	2.8
1799.0	3.0	3.4
1799.0	4.0	5.4
1799.0	5.0	9.6
1799.0	6.0	14.1
1799.0	7.0	15.2
1799.0	8.0	14.4
1799.0	9.0	12.9
1799.0	10.0	8.3
1799.0	11.0	5.6
1799.0	12.0	1.3
1800.0	1.0	2.8
1800.0	2.0	2.2
1800.0	3.0	4.0
1800.0	4.0	9.3
1800.0	5.0	12.3
1800.0	6.0	13.9
1800.0	7.0	17.7
1800.0	8.0	16.8
1800.0	9.0	13.9
1800.0	10.0	9.2
1800.0	11.0	5.4
1800.0	12.0	3.3
1801.0	1.0	4.6
1801.0	2.0	4.8
1801.0	3.0	6.7
1801.0	4.0	8.3
1801.0	5.0	12.1
1801.0	6.0	14.8
1801.0	7.0	16.1
1801.0	8.0	17.1
1801.0	9.0	14.2
1801.0	10.0	10.2
1801.0	11.0	4.8
1801.0	12.0	1.5
1802.0	1.0	1.6
1802.0	2.0	3.7
1802.0	3.0	5.6
1802.0	4.0	8.9
1802.0	5.0	10.6
1802.0	6.0	13.7
1802.0	7.0	13.5
1802.0	8.0	17.2
1802.0	9.0	13.8
1802.0	10.0	10.1
1802.0	11.0	5.1
1802.0	12.0	3.6
1803.0	1.0	1.8
1803.0	2.0	3.4
1803.0	3.0	6.3
1803.0	4.0	9.1
1803.0	5.0	10.5
1803.0	6.0	13.7
1803.0	7.0	17.6
1803.0	8.0	16.1
1803.0	9.0	11.4
1803.0	10.0	9.3
1803.0	11.0	5.0
1803.0	12.0	4.4
1804.0	1.0	5.8
1804.0	2.0	2.9
1804.0	3.0	4.7
1804.0	4.0	6.9
1804.0	5.0	13.3
1804.0	6.0	16.1
1804.0	7.0	15.9
1804.0	8.0	15.6
1804.0	9.0	14.2
1804.0	10.0	10.7
1804.0	11.0	6.6
1804.0	12.0	2.1
1805.0	1.0	2.1
1805.0	2.0	4.1
1805.0	3.0	6.2
1805.0	4.0	8.3
1805.0	5.0	10.2
1805.0	6.0	13.2
1805.0	7.0	16.0
1805.0	8.0	16.4
1805.0	9.0	14.6
1805.0	10.0	8.2
1805.0	11.0	4.8
1805.0	12.0	3.6
1806.0	1.0	4.2
1806.0	2.0	4.3
1806.0	3.0	5.1
1806.0	4.0	6.8
1806.0	5.0	12.1
1806.0	6.0	14.9
1806.0	7.0	15.4
1806.0	8.0	16.2
1806.0	9.0	13.4
1806.0	10.0	10.6
1806.0	11.0	7.8
1806.0	12.0	6.8
1807.0	1.0	2.8
1807.0	2.0	3.7
1807.0	3.0	2.9
1807.0	4.0	7.7
1807.0	5.0	11.8
1807.0	6.0	14.2
1807.0	7.0	17.1
1807.0	8.0	16.9
1807.0	9.0	10.5
1807.0	10.0	11.4
1807.0	11.0	2.9
1807.0	12.0	1.9
1808.0	1.0	2.6
1808.0	2.0	2.8
1808.0	3.0	3.2
1808.0	4.0	5.8
1808.0	5.0	13.7
1808.0	6.0	14.8
1808.0	7.0	18.4
1808.0	8.0	16.7
1808.0	9.0	12.7
1808.0	10.0	7.2
1808.0	11.0	6.0
1808.0	12.0	2.2
1809.0	1.0	2.0
1809.0	2.0	5.7
1809.0	3.0	6.0
1809.0	4.0	5.2
1809.0	5.0	13.1
1809.0	6.0	13.7
1809.0	7.0	15.1
1809.0	8.0	14.8
1809.0	9.0	12.7
1809.0	10.0	10.2
1809.0	11.0	4.6
1809.0	12.0	4.1
1810.0	1.0	2.2
1810.0	2.0	3.5
1810.0	3.0	4.9
1810.0	4.0	8.2
1810.0	5.0	9.2
1810.0	6.0	14.6
1810.0	7.0	15.2
1810.0	8.0	14.6
1810.0	9.0	13.9
1810.0	10.0	9.8
1810.0	11.0	5.4
1810.0	12.0	3.6
1811.0	1.0	1.2
1811.0	2.0	4.6
1811.0	3.0	7.1
1811.0	4.0	8.9
1811.0	5.0	12.8
1811.0	6.0	14.1
1811.0	7.0	16.1
1811.0	8.0	14.4
1811.0	9.0	13.7
1811.0	10.0	12.3
1811.0	11.0	7.7
1811.0	12.0	3.1
1812.0	1.0	2.6
1812.0	2.0	5.3
1812.0	3.0	3.5
1812.0	4.0	5.5
1812.0	5.0	10.9
1812.0	6.0	13.0
1812.0	7.0	14.2
1812.0	8.0	14.3
1812.0	9.0	13.2
1812.0	10.0	9.3
1812.0	11.0	4.9
1812.0	12.0	1.7
1813.0	1.0	1.9
1813.0	2.0	5.8
1813.0	3.0	6.8
1813.0	4.0	7.6
1813.0	5.0	11.6
1813.0	6.0	13.6
1813.0	7.0	15.0
1813.0	8.0	14.5
1813.0	9.0	12.5
1813.0	10.0	8.1
1813.0	11.0	4.3
1813.0	12.0	2.8
1814.0	1.0	-2.9
1814.0	2.0	1.4
1814.0	3.0	2.9
1814.0	4.0	9.6
1814.0	5.0	9.2
1814.0	6.0	12.2
1814.0	7.0	16.0
1814.0	8.0	14.7
1814.0	9.0	12.8
1814.0	10.0	8.1
1814.0	11.0	4.7
1814.0	12.0	4.3
1815.0	1.0	0.3
1815.0	2.0	6.5
1815.0	3.0	7.3
1815.0	4.0	8.1
1815.0	5.0	12.6
1815.0	6.0	14.3
1815.0	7.0	14.9
1815.0	8.0	15.3
1815.0	9.0	13.4
1815.0	10.0	10.3
1815.0	11.0	3.4
1815.0	12.0	2.3
1816.0	1.0	2.7
1816.0	2.0	2.1
1816.0	3.0	3.9
1816.0	4.0	6.6
1816.0	5.0	9.9
1816.0	6.0	12.8
1816.0	7.0	13.4
1816.0	8.0	13.9
1816.0	9.0	11.8
1816.0	10.0	10.3
1816.0	11.0	3.9
1816.0	12.0	3.1
1817.0	1.0	4.5
1817.0	2.0	6.4
1817.0	3.0	5.5
1817.0	4.0	7.6
1817.0	5.0	8.7
1817.0	6.0	15.1
1817.0	7.0	14.1
1817.0	8.0	13.6
1817.0	9.0	13.2
1817.0	10.0	6.4
1817.0	11.0	9.1
1817.0	12.0	2.5
1818.0	1.0	4.4
1818.0	2.0	2.7
1818.0	3.0	4.5
1818.0	4.0	6.9
1818.0	5.0	11.3
1818.0	6.0	16.4
1818.0	7.0	18.2
1818.0	8.0	15.3
1818.0	9.0	13.3
1818.0	10.0	12.0
1818.0	11.0	9.5
1818.0	12.0	3.6
1819.0	1.0	4.4
1819.0	2.0	4.3
1819.0	3.0	6.8
1819.0	4.0	8.6
1819.0	5.0	11.5
1819.0	6.0	13.4
1819.0	7.0	16.4
1819.0	8.0	17.4
1819.0	9.0	13.4
1819.0	10.0	9.1
1819.0	11.0	4.1
1819.0	12.0	1.4
1820.0	1.0	-0.3
1820.0	2.0	3.2
1820.0	3.0	4.7
1820.0	4.0	8.9
1820.0	5.0	11.4
1820.0	6.0	13.6
1820.0	7.0	15.7
1820.0	8.0	14.7
1820.0	9.0	12.3
1820.0	10.0	8.1
1820.0	11.0	5.6
1820.0	12.0	4.7
1821.0	1.0	3.6
1821.0	2.0	2.1
1821.0	3.0	5.7
1821.0	4.0	9.5
1821.0	5.0	9.4
1821.0	6.0	12.3
1821.0	7.0	14.8
1821.0	8.0	16.4
1821.0	9.0	14.9
1821.0	10.0	10.4
1821.0	11.0	8.6
1821.0	12.0	6.4
1822.0	1.0	4.7
1822.0	2.0	6.3
1822.0	3.0	7.8
1822.0	4.0	8.3
1822.0	5.0	12.7
1822.0	6.0	17.1
1822.0	7.0	15.6
1822.0	8.0	15.2
1822.0	9.0	12.4
1822.0	10.0	10.7
1822.0	11.0	8.2
1822.0	12.0	1.6
1823.0	1.0	-0.1
1823.0	2.0	3.1
1823.0	3.0	5.0
1823.0	4.0	6.7
1823.0	5.0	12.2
1823.0	6.0	12.3
1823.0	7.0	14.1
1823.0	8.0	14.4
1823.0	9.0	12.5
1823.0	10.0	8.4
1823.0	11.0	7.1
1823.0	12.0	4.8
1824.0	1.0	4.3
1824.0	2.0	4.7
1824.0	3.0	4.6
1824.0	4.0	7.4
1824.0	5.0	10.7
1824.0	6.0	13.4
1824.0	7.0	16.0
1824.0	8.0	15.1
1824.0	9.0	13.7
1824.0	10.0	9.5
1824.0	11.0	7.2
1824.0	12.0	5.1
1825.0	1.0	3.8
1825.0	2.0	3.9
1825.0	3.0	5.0
1825.0	4.0	9.1
1825.0	5.0	11.6
1825.0	6.0	14.1
1825.0	7.0	17.2
1825.0	8.0	16.3
1825.0	9.0	15.1
1825.0	10.0	10.8
1825.0	11.0	5.2
1825.0	12.0	4.6
1826.0	1.0	0.4
1826.0	2.0	6.4
1826.0	3.0	6.3
1826.0	4.0	8.8
1826.0	5.0	11.2
1826.0	6.0	17.3
1826.0	7.0	17.9
1826.0	8.0	17.6
1826.0	9.0	13.6
1826.0	10.0	11.1
1826.0	11.0	4.4
1826.0	12.0	5.8
1827.0	1.0	1.7
1827.0	2.0	0.7
1827.0	3.0	5.9
1827.0	4.0	8.9
1827.0	5.0	11.9
1827.0	6.0	14.2
1827.0	7.0	16.5
1827.0	8.0	14.8
1827.0	9.0	13.7
1827.0	10.0	11.4
1827.0	11.0	6.9
1827.0	12.0	6.9
1828.0	1.0	5.1
1828.0	2.0	5.2
1828.0	3.0	6.6
1828.0	4.0	8.3
1828.0	5.0	12.4
1828.0	6.0	15.4
1828.0	7.0	16.0
1828.0	8.0	15.3
1828.0	9.0	14.3
1828.0	10.0	10.2
1828.0	11.0	7.4
1828.0	12.0	7.4
1829.0	1.0	0.3
1829.0	2.0	4.3
1829.0	3.0	4.3
1829.0	4.0	6.7
1829.0	5.0	12.5
1829.0	6.0	14.9
1829.0	7.0	15.1
1829.0	8.0	14.3
1829.0	9.0	11.3
1829.0	10.0	8.3
1829.0	11.0	4.5
1829.0	12.0	1.4
1830.0	1.0	-0.2
1830.0	2.0	2.2
1830.0	3.0	7.7
1830.0	4.0	8.9
1830.0	5.0	12.0
1830.0	6.0	12.7
1830.0	7.0	16.2
1830.0	8.0	13.7
1830.0	9.0	11.9
1830.0	10.0	10.4
1830.0	11.0	6.9
1830.0	12.0	1.8
1831.0	1.0	1.6
1831.0	2.0	4.8
1831.0	3.0	7.2
1831.0	4.0	9.2
1831.0	5.0	11.5
1831.0	6.0	15.4
1831.0	7.0	16.7
1831.0	8.0	16.9
1831.0	9.0	13.7
1831.0	10.0	12.7
1831.0	11.0	5.6
1831.0	12.0	5.8
1832.0	1.0	3.1
1832.0	2.0	3.4
1832.0	3.0	5.8
1832.0	4.0	8.6
1832.0	5.0	10.9
1832.0	6.0	15.2
1832.0	7.0	15.9
1832.0	8.0	15.4
1832.0	9.0	13.6
1832.0	10.0	10.7
1832.0	11.0	5.9
1832.0	12.0	5.2
1833.0	1.0	1.2
1833.0	2.0	5.6
1833.0	3.0	3.9
1833.0	4.0	7.7
1833.0	5.0	15.1
1833.0	6.0	14.6
1833.0	7.0	15.8
1833.0	8.0	14.3
1833.0	9.0	12.1
1833.0	10.0	10.1
1833.0	11.0	6.6
1833.0	12.0	6.9
1834.0	1.0	7.1
1834.0	2.0	5.6
1834.0	3.0	7.1
1834.0	4.0	7.7
1834.0	5.0	13.0
1834.0	6.0	15.4
1834.0	7.0	16.9
1834.0	8.0	16.2
1834.0	9.0	13.8
1834.0	10.0	10.6
1834.0	11.0	6.7
1834.0	12.0	5.6
1835.0	1.0	2.9
1835.0	2.0	5.7
1835.0	3.0	5.8
1835.0	4.0	8.6
1835.0	5.0	11.3
1835.0	6.0	15.0
1835.0	7.0	16.4
1835.0	8.0	16.9
1835.0	9.0	13.4
1835.0	10.0	8.9
1835.0	11.0	6.6
1835.0	12.0	3.1
1836.0	1.0	3.7
1836.0	2.0	3.5
1836.0	3.0	5.8
1836.0	4.0	7.2
1836.0	5.0	11.1
1836.0	6.0	15.3
1836.0	7.0	15.4
1836.0	8.0	14.6
1836.0	9.0	11.7
1836.0	10.0	8.6
1836.0	11.0	5.3
1836.0	12.0	4.1
1837.0	1.0	2.7
1837.0	2.0	4.7
1837.0	3.0	2.3
1837.0	4.0	4.7
1837.0	5.0	9.9
1837.0	6.0	15.5
1837.0	7.0	16.9
1837.0	8.0	15.7
1837.0	9.0	12.5
1837.0	10.0	10.5
1837.0	11.0	5.2
1837.0	12.0	5.3
1838.0	1.0	-1.5
1838.0	2.0	0.4
1838.0	3.0	4.9
1838.0	4.0	6.1
1838.0	5.0	10.5
1838.0	6.0	14.4
1838.0	7.0	15.6
1838.0	8.0	15.1
1838.0	9.0	12.7
1838.0	10.0	9.8
1838.0	11.0	4.6
1838.0	12.0	4.0
1839.0	1.0	2.8
1839.0	2.0	4.1
1839.0	3.0	4.2
1839.0	4.0	6.4
1839.0	5.0	10.2
1839.0	6.0	14.3
1839.0	7.0	14.9
1839.0	8.0	14.6
1839.0	9.0	12.4
1839.0	10.0	9.3
1839.0	11.0	7.3
1839.0	12.0	3.7
1840.0	1.0	4.1
1840.0	2.0	3.6
1840.0	3.0	3.8
1840.0	4.0	9.7
1840.0	5.0	11.4
1840.0	6.0	14.1
1840.0	7.0	13.8
1840.0	8.0	15.9
1840.0	9.0	11.1
1840.0	10.0	7.5
1840.0	11.0	5.8
1840.0	12.0	1.3
1841.0	1.0	1.1
1841.0	2.0	2.4
1841.0	3.0	7.5
1841.0	4.0	7.8
1841.0	5.0	12.7
1841.0	6.0	12.9
1841.0	7.0	13.8
1841.0	8.0	14.6
1841.0	9.0	13.4
1841.0	10.0	8.7
1841.0	11.0	5.2
1841.0	12.0	4.4
1842.0	1.0	0.6
1842.0	2.0	4.2
1842.0	3.0	6.4
1842.0	4.0	7.8
1842.0	5.0	11.4
1842.0	6.0	15.6
1842.0	7.0	14.5
1842.0	8.0	17.1
1842.0	9.0	13.2
1842.0	10.0	7.2
1842.0	11.0	5.5
1842.0	12.0	7.2
1843.0	1.0	4.0
1843.0	2.0	1.9
1843.0	3.0	5.6
1843.0	4.0	8.5
1843.0	5.0	10.4
1843.0	6.0	12.8
1843.0	7.0	14.8
1843.0	8.0	15.3
1843.0	9.0	14.4
1843.0	10.0	7.9
1843.0	11.0	5.7
1843.0	12.0	7.4
1844.0	1.0	3.8
1844.0	2.0	1.6
1844.0	3.0	4.7
1844.0	4.0	9.8
1844.0	5.0	10.8
1844.0	6.0	14.7
1844.0	7.0	15.4
1844.0	8.0	13.5
1844.0	9.0	13.3
1844.0	10.0	9.2
1844.0	11.0	5.9
1844.0	12.0	0.4
1845.0	1.0	3.2
1845.0	2.0	0.9
1845.0	3.0	2.0
1845.0	4.0	8.6
1845.0	5.0	9.5
1845.0	6.0	14.9
1845.0	7.0	14.3
1845.0	8.0	13.5
1845.0	9.0	11.4
1845.0	10.0	9.5
1845.0	11.0	6.7
1845.0	12.0	4.6
1846.0	1.0	6.3
1846.0	2.0	6.4
1846.0	3.0	6.1
1846.0	4.0	7.8
1846.0	5.0	12.3
1846.0	6.0	18.2
1846.0	7.0	16.5
1846.0	8.0	16.6
1846.0	9.0	14.7
1846.0	10.0	9.5
1846.0	11.0	6.9
1846.0	12.0	0.5
1847.0	1.0	2.2
1847.0	2.0	2.4
1847.0	3.0	5.6
1847.0	4.0	6.6
1847.0	5.0	12.3
1847.0	6.0	13.9
1847.0	7.0	17.5
1847.0	8.0	15.2
1847.0	9.0	11.5
1847.0	10.0	10.7
1847.0	11.0	7.9
1847.0	12.0	4.8
1848.0	1.0	1.3
1848.0	2.0	6.1
1848.0	3.0	5.9
1848.0	4.0	8.2
1848.0	5.0	13.9
1848.0	6.0	14.5
1848.0	7.0	15.6
1848.0	8.0	13.6
1848.0	9.0	12.8
1848.0	10.0	9.7
1848.0	11.0	5.8
1848.0	12.0	5.6
1849.0	1.0	3.9
1849.0	2.0	5.7
1849.0	3.0	6.1
1849.0	4.0	6.4
1849.0	5.0	12.1
1849.0	6.0	13.9
1849.0	7.0	15.4
1849.0	8.0	15.6
1849.0	9.0	13.3
1849.0	10.0	9.2
1849.0	11.0	6.6
1849.0	12.0	3.4
1850.0	1.0	0.7
1850.0	2.0	6.4
1850.0	3.0	4.7
1850.0	4.0	9.0
1850.0	5.0	10.1
1850.0	6.0	15.4
1850.0	7.0	16.2
1850.0	8.0	14.5
1850.0	9.0	12.3
1850.0	10.0	7.9
1850.0	11.0	7.4
1850.0	12.0	4.6
1851.0	1.0	5.6
1851.0	2.0	4.7
1851.0	3.0	5.8
1851.0	4.0	7.4
1851.0	5.0	10.4
1851.0	6.0	14.3
1851.0	7.0	14.6
1851.0	8.0	15.5
1851.0	9.0	12.7
1851.0	10.0	10.8
1851.0	11.0	3.1
1851.0	12.0	4.8
1852.0	1.0	4.9
1852.0	2.0	4.7
1852.0	3.0	5.2
1852.0	4.0	8.2
1852.0	5.0	10.6
1852.0	6.0	13.2
1852.0	7.0	18.7
1852.0	8.0	15.8
1852.0	9.0	12.9
1852.0	10.0	7.8
1852.0	11.0	7.9
1852.0	12.0	7.7
1853.0	1.0	5.1
1853.0	2.0	0.6
1853.0	3.0	3.4
1853.0	4.0	7.6
1853.0	5.0	10.9
1853.0	6.0	14.3
1853.0	7.0	14.9
1853.0	8.0	14.7
1853.0	9.0	12.3
1853.0	10.0	10.1
1853.0	11.0	5.2
1853.0	12.0	1.3
1854.0	1.0	3.6
1854.0	2.0	4.3
1854.0	3.0	6.7
1854.0	4.0	9.2
1854.0	5.0	10.3
1854.0	6.0	13.2
1854.0	7.0	15.4
1854.0	8.0	15.2
1854.0	9.0	14.4
1854.0	10.0	9.4
1854.0	11.0	4.9
1854.0	12.0	5.1
1855.0	1.0	2.4
1855.0	2.0	-1.7
1855.0	3.0	3.3
1855.0	4.0	7.1
1855.0	5.0	8.8
1855.0	6.0	13.3
1855.0	7.0	16.8
1855.0	8.0	15.7
1855.0	9.0	13.2
1855.0	10.0	9.7
1855.0	11.0	5.3
1855.0	12.0	2.4
1856.0	1.0	3.7
1856.0	2.0	5.3
1856.0	3.0	4.4
1856.0	4.0	8.1
1856.0	5.0	9.4
1856.0	6.0	13.5
1856.0	7.0	15.3
1856.0	8.0	16.9
1856.0	9.0	12.5
1856.0	10.0	10.7
1856.0	11.0	4.8
1856.0	12.0	4.4
1857.0	1.0	2.6
1857.0	2.0	4.3
1857.0	3.0	5.3
1857.0	4.0	7.5
1857.0	5.0	11.3
1857.0	6.0	15.8
1857.0	7.0	16.4
1857.0	8.0	17.4
1857.0	9.0	14.5
1857.0	10.0	11.3
1857.0	11.0	7.2
1857.0	12.0	7.3
1858.0	1.0	3.4
1858.0	2.0	1.8
1858.0	3.0	4.9
1858.0	4.0	7.7
1858.0	5.0	10.8
1858.0	6.0	16.8
1858.0	7.0	14.8
1858.0	8.0	15.8
1858.0	9.0	14.7
1858.0	10.0	9.6
1858.0	11.0	4.3
1858.0	12.0	4.8
1859.0	1.0	4.9
1859.0	2.0	5.7
1859.0	3.0	7.3
1859.0	4.0	7.5
1859.0	5.0	11.7
1859.0	6.0	14.8
1859.0	7.0	18.3
1859.0	8.0	16.2
1859.0	9.0	12.9
1859.0	10.0	9.6
1859.0	11.0	4.8
1859.0	12.0	1.6
1860.0	1.0	3.5
1860.0	2.0	1.7
1860.0	3.0	4.7
1860.0	4.0	5.9
1860.0	5.0	11.5
1860.0	6.0	12.3
1860.0	7.0	14.5
1860.0	8.0	13.6
1860.0	9.0	11.2
1860.0	10.0	9.8
1860.0	11.0	4.5
1860.0	12.0	1.5
1861.0	1.0	1.7
1861.0	2.0	4.9
1861.0	3.0	6.3
1861.0	4.0	7.5
1861.0	5.0	10.4
1861.0	6.0	14.8
1861.0	7.0	15.0
1861.0	8.0	15.9
1861.0	9.0	13.1
1861.0	10.0	11.8
1861.0	11.0	4.2
1861.0	12.0	3.9
1862.0	1.0	3.9
1862.0	2.0	5.1
1862.0	3.0	5.5
1862.0	4.0	8.8
1862.0	5.0	12.3
1862.0	6.0	12.7
1862.0	7.0	14.2
1862.0	8.0	14.6
1862.0	9.0	13.0
1862.0	10.0	10.3
1862.0	11.0	3.2
1862.0	12.0	6.5
1863.0	1.0	4.9
1863.0	2.0	5.8
1863.0	3.0	6.5
1863.0	4.0	8.8
1863.0	5.0	10.6
1863.0	6.0	13.6
1863.0	7.0	15.2
1863.0	8.0	15.5
1863.0	9.0	11.6
1863.0	10.0	9.9
1863.0	11.0	7.3
1863.0	12.0	6.3
1864.0	1.0	2.4
1864.0	2.0	2.3
1864.0	3.0	4.7
1864.0	4.0	8.8
1864.0	5.0	12.4
1864.0	6.0	13.6
1864.0	7.0	15.5
1864.0	8.0	14.2
1864.0	9.0	13.3
1864.0	10.0	9.8
1864.0	11.0	5.5
1864.0	12.0	3.7
1865.0	1.0	2.1
1865.0	2.0	2.3
1865.0	3.0	2.9
1865.0	4.0	10.6
1865.0	5.0	12.6
1865.0	6.0	15.6
1865.0	7.0	16.6
1865.0	8.0	15.1
1865.0	9.0	16.3
1865.0	10.0	9.7
1865.0	11.0	6.7
1865.0	12.0	5.8
1866.0	1.0	5.8
1866.0	2.0	4.4
1866.0	3.0	4.8
1866.0	4.0	8.6
1866.0	5.0	10.0
1866.0	6.0	15.5
1866.0	7.0	15.5
1866.0	8.0	14.7
1866.0	9.0	12.8
1866.0	10.0	10.7
1866.0	11.0	6.9
1866.0	12.0	6.1
1867.0	1.0	1.2
1867.0	2.0	6.9
1867.0	3.0	3.1
1867.0	4.0	9.3
1867.0	5.0	11.4
1867.0	6.0	14.1
1867.0	7.0	14.9
1867.0	8.0	16.3
1867.0	9.0	13.6
1867.0	10.0	9.3
1867.0	11.0	4.8
1867.0	12.0	3.4
1868.0	1.0	3.9
1868.0	2.0	6.3
1868.0	3.0	6.8
1868.0	4.0	8.7
1868.0	5.0	13.5
1868.0	6.0	15.5
1868.0	7.0	18.3
1868.0	8.0	16.8
1868.0	9.0	14.3
1868.0	10.0	8.4
1868.0	11.0	4.9
1868.0	12.0	7.2
1869.0	1.0	5.6
1869.0	2.0	7.5
1869.0	3.0	3.8
1869.0	4.0	10.1
1869.0	5.0	9.6
1869.0	6.0	13.2
1869.0	7.0	17.3
1869.0	8.0	15.5
1869.0	9.0	14.4
1869.0	10.0	9.7
1869.0	11.0	5.8
1869.0	12.0	2.9
1870.0	1.0	3.3
1870.0	2.0	2.8
1870.0	3.0	4.7
1870.0	4.0	9.2
1870.0	5.0	11.7
1870.0	6.0	15.2
1870.0	7.0	17.5
1870.0	8.0	15.7
1870.0	9.0	12.9
1870.0	10.0	9.5
1870.0	11.0	4.7
1870.0	12.0	0.6
1871.0	1.0	0.5
1871.0	2.0	6.1
1871.0	3.0	7.3
1871.0	4.0	8.7
1871.0	5.0	11.3
1871.0	6.0	12.8
1871.0	7.0	15.2
1871.0	8.0	17.2
1871.0	9.0	12.7
1871.0	10.0	9.8
1871.0	11.0	3.4
1871.0	12.0	3.6
1872.0	1.0	5.0
1872.0	2.0	6.9
1872.0	3.0	6.8
1872.0	4.0	8.2
1872.0	5.0	9.7
1872.0	6.0	14.1
1872.0	7.0	17.1
1872.0	8.0	15.3
1872.0	9.0	13.2
1872.0	10.0	8.4
1872.0	11.0	7.0
1872.0	12.0	5.3
1873.0	1.0	5.2
1873.0	2.0	1.8
1873.0	3.0	5.4
1873.0	4.0	7.7
1873.0	5.0	9.9
1873.0	6.0	14.2
1873.0	7.0	16.2
1873.0	8.0	15.4
1873.0	9.0	11.8
1873.0	10.0	8.6
1873.0	11.0	6.3
1873.0	12.0	5.3
1874.0	1.0	5.5
1874.0	2.0	3.9
1874.0	3.0	6.7
1874.0	4.0	9.8
1874.0	5.0	10.0
1874.0	6.0	13.9
1874.0	7.0	17.3
1874.0	8.0	15.1
1874.0	9.0	13.6
1874.0	10.0	10.4
1874.0	11.0	5.6
1874.0	12.0	-0.2
1875.0	1.0	6.4
1875.0	2.0	2.3
1875.0	3.0	5.1
1875.0	4.0	8.6
1875.0	5.0	12.3
1875.0	6.0	14.2
1875.0	7.0	14.8
1875.0	8.0	16.1
1875.0	9.0	14.9
1875.0	10.0	8.9
1875.0	11.0	5.4
1875.0	12.0	4.2
1876.0	1.0	3.2
1876.0	2.0	4.8
1876.0	3.0	4.5
1876.0	4.0	7.9
1876.0	5.0	9.6
1876.0	6.0	14.3
1876.0	7.0	17.2
1876.0	8.0	16.5
1876.0	9.0	12.7
1876.0	10.0	11.3
1876.0	11.0	6.1
1876.0	12.0	6.0
1877.0	1.0	5.5
1877.0	2.0	6.2
1877.0	3.0	4.9
1877.0	4.0	7.0
1877.0	5.0	9.1
1877.0	6.0	15.2
1877.0	7.0	14.7
1877.0	8.0	15.2
1877.0	9.0	11.2
1877.0	10.0	9.3
1877.0	11.0	7.1
1877.0	12.0	4.7
1878.0	1.0	4.6
1878.0	2.0	5.6
1878.0	3.0	5.4
1878.0	4.0	8.9
1878.0	5.0	11.8
1878.0	6.0	15.1
1878.0	7.0	16.6
1878.0	8.0	16.2
1878.0	9.0	13.3
1878.0	10.0	10.2
1878.0	11.0	3.5
1878.0	12.0	-0.3
1879.0	1.0	-0.7
1879.0	2.0	3.1
1879.0	3.0	4.7
1879.0	4.0	5.7
1879.0	5.0	8.9
1879.0	6.0	12.9
1879.0	7.0	13.6
1879.0	8.0	14.5
1879.0	9.0	12.6
1879.0	10.0	8.9
1879.0	11.0	4.1
1879.0	12.0	0.7
1880.0	1.0	0.9
1880.0	2.0	5.8
1880.0	3.0	6.2
1880.0	4.0	7.9
1880.0	5.0	10.4
1880.0	6.0	13.8
1880.0	7.0	15.5
1880.0	8.0	16.4
1880.0	9.0	14.6
1880.0	10.0	7.1
1880.0	11.0	5.4
1880.0	12.0	5.1
1881.0	1.0	-1.5
1881.0	2.0	3.2
1881.0	3.0	5.3
1881.0	4.0	7.3
1881.0	5.0	11.8
1881.0	6.0	13.7
1881.0	7.0	16.2
1881.0	8.0	13.9
1881.0	9.0	12.7
1881.0	10.0	7.3
1881.0	11.0	8.9
1881.0	12.0	3.9
1882.0	1.0	5.2
1882.0	2.0	6.1
1882.0	3.0	7.4
1882.0	4.0	8.4
1882.0	5.0	11.5
1882.0	6.0	13.1
1882.0	7.0	15.2
1882.0	8.0	14.9
1882.0	9.0	12.1
1882.0	10.0	9.9
1882.0	11.0	5.7
1882.0	12.0	3.9
1883.0	1.0	4.7
1883.0	2.0	5.9
1883.0	3.0	1.9
1883.0	4.0	8.1
1883.0	5.0	10.6
1883.0	6.0	13.9
1883.0	7.0	14.5
1883.0	8.0	15.3
1883.0	9.0	13.3
1883.0	10.0	9.7
1883.0	11.0	5.8
1883.0	12.0	4.6
1884.0	1.0	6.5
1884.0	2.0	5.3
1884.0	3.0	6.5
1884.0	4.0	7.2
1884.0	5.0	11.3
1884.0	6.0	14.1
1884.0	7.0	16.3
1884.0	8.0	17.2
1884.0	9.0	14.5
1884.0	10.0	9.4
1884.0	11.0	5.3
1884.0	12.0	4.4
1885.0	1.0	2.9
1885.0	2.0	5.8
1885.0	3.0	4.5
1885.0	4.0	7.7
1885.0	5.0	8.9
1885.0	6.0	13.9
1885.0	7.0	16.3
1885.0	8.0	13.6
1885.0	9.0	12.2
1885.0	10.0	7.5
1885.0	11.0	5.9
1885.0	12.0	3.7
1886.0	1.0	2.1
1886.0	2.0	1.5
1886.0	3.0	4.2
1886.0	4.0	7.6
1886.0	5.0	10.3
1886.0	6.0	13.6
1886.0	7.0	15.9
1886.0	8.0	15.8
1886.0	9.0	13.6
1886.0	10.0	11.3
1886.0	11.0	6.6
1886.0	12.0	1.9
1887.0	1.0	2.4
1887.0	2.0	3.8
1887.0	3.0	3.3
1887.0	4.0	6.2
1887.0	5.0	9.4
1887.0	6.0	15.3
1887.0	7.0	17.3
1887.0	8.0	15.7
1887.0	9.0	11.8
1887.0	10.0	7.1
1887.0	11.0	4.4
1887.0	12.0	2.6
1888.0	1.0	3.2
1888.0	2.0	1.8
1888.0	3.0	3.1
1888.0	4.0	6.2
1888.0	5.0	10.7
1888.0	6.0	13.2
1888.0	7.0	13.7
1888.0	8.0	14.1
1888.0	9.0	12.2
1888.0	10.0	7.9
1888.0	11.0	7.7
1888.0	12.0	4.9
1889.0	1.0	3.4
1889.0	2.0	2.9
1889.0	3.0	4.7
1889.0	4.0	7.1
1889.0	5.0	12.9
1889.0	6.0	15.3
1889.0	7.0	15.3
1889.0	8.0	14.7
1889.0	9.0	12.8
1889.0	10.0	8.6
1889.0	11.0	6.9
1889.0	12.0	3.3
1890.0	1.0	5.7
1890.0	2.0	3.1
1890.0	3.0	6.2
1890.0	4.0	7.1
1890.0	5.0	11.7
1890.0	6.0	13.5
1890.0	7.0	14.5
1890.0	8.0	14.1
1890.0	9.0	14.6
1890.0	10.0	9.4
1890.0	11.0	5.7
1890.0	12.0	-0.8
1891.0	1.0	1.3
1891.0	2.0	3.9
1891.0	3.0	3.8
1891.0	4.0	6.2
1891.0	5.0	9.5
1891.0	6.0	14.7
1891.0	7.0	15.1
1891.0	8.0	14.1
1891.0	9.0	14.2
1891.0	10.0	9.4
1891.0	11.0	5.6
1891.0	12.0	4.1
1892.0	1.0	2.3
1892.0	2.0	3.6
1892.0	3.0	2.7
1892.0	4.0	7.3
1892.0	5.0	11.6
1892.0	6.0	13.4
1892.0	7.0	14.3
1892.0	8.0	15.2
1892.0	9.0	12.4
1892.0	10.0	7.1
1892.0	11.0	6.4
1892.0	12.0	1.8
1893.0	1.0	2.2
1893.0	2.0	4.7
1893.0	3.0	7.2
1893.0	4.0	10.3
1893.0	5.0	13.1
1893.0	6.0	15.6
1893.0	7.0	16.4
1893.0	8.0	17.4
1893.0	9.0	12.9
1893.0	10.0	9.9
1893.0	11.0	5.2
1893.0	12.0	4.8
1894.0	1.0	3.4
1894.0	2.0	5.1
1894.0	3.0	6.7
1894.0	4.0	9.7
1894.0	5.0	9.2
1894.0	6.0	13.5
1894.0	7.0	15.9
1894.0	8.0	14.2
1894.0	9.0	11.6
1894.0	10.0	9.3
1894.0	11.0	7.9
1894.0	12.0	5.1
1895.0	1.0	0.2
1895.0	2.0	-1.8
1895.0	3.0	5.1
1895.0	4.0	8.2
1895.0	5.0	12.4
1895.0	6.0	14.8
1895.0	7.0	15.2
1895.0	8.0	15.8
1895.0	9.0	15.4
1895.0	10.0	7.1
1895.0	11.0	7.5
1895.0	12.0	3.9
1896.0	1.0	4.8
1896.0	2.0	4.6
1896.0	3.0	6.7
1896.0	4.0	9.1
1896.0	5.0	11.9
1896.0	6.0	16.2
1896.0	7.0	16.2
1896.0	8.0	14.3
1896.0	9.0	13.1
1896.0	10.0	6.9
1896.0	11.0	4.3
1896.0	12.0	3.9
1897.0	1.0	1.6
1897.0	2.0	5.8
1897.0	3.0	6.5
1897.0	4.0	7.1
1897.0	5.0	10.0
1897.0	6.0	15.1
1897.0	7.0	16.5
1897.0	8.0	16.2
1897.0	9.0	12.1
1897.0	10.0	9.9
1897.0	11.0	7.6
1897.0	12.0	4.7
1898.0	1.0	6.6
1898.0	2.0	4.8
1898.0	3.0	4.3
1898.0	4.0	8.5
1898.0	5.0	10.2
1898.0	6.0	13.6
1898.0	7.0	15.3
1898.0	8.0	16.5
1898.0	9.0	15.2
1898.0	10.0	11.3
1898.0	11.0	7.2
1898.0	12.0	7.3
1899.0	1.0	4.9
1899.0	2.0	5.1
1899.0	3.0	5.1
1899.0	4.0	7.8
1899.0	5.0	9.9
1899.0	6.0	15.7
1899.0	7.0	17.3
1899.0	8.0	17.8
1899.0	9.0	13.2
1899.0	10.0	8.8
1899.0	11.0	8.5
1899.0	12.0	2.2
1900.0	1.0	4.4
1900.0	2.0	2.6
1900.0	3.0	3.7
1900.0	4.0	8.3
1900.0	5.0	10.3
1900.0	6.0	14.7
1900.0	7.0	17.7
1900.0	8.0	15.1
1900.0	9.0	13.6
1900.0	10.0	9.8
1900.0	11.0	7.3
1900.0	12.0	7.2
1901.0	1.0	3.5
1901.0	2.0	2.3
1901.0	3.0	4.1
1901.0	4.0	8.6
1901.0	5.0	11.5
1901.0	6.0	13.9
1901.0	7.0	18.0
1901.0	8.0	15.6
1901.0	9.0	13.9
1901.0	10.0	9.7
1901.0	11.0	4.8
1901.0	12.0	3.4
1902.0	1.0	4.7
1902.0	2.0	1.5
1902.0	3.0	6.7
1902.0	4.0	7.5
1902.0	5.0	8.9
1902.0	6.0	13.9
1902.0	7.0	14.7
1902.0	8.0	14.3
1902.0	9.0	12.8
1902.0	10.0	9.6
1902.0	11.0	6.8
1902.0	12.0	4.6
1903.0	1.0	4.2
1903.0	2.0	7.1
1903.0	3.0	7.1
1903.0	4.0	6.4
1903.0	5.0	11.1
1903.0	6.0	13.0
1903.0	7.0	15.3
1903.0	8.0	14.3
1903.0	9.0	13.1
1903.0	10.0	10.5
1903.0	11.0	6.4
1903.0	12.0	3.3
1904.0	1.0	4.1
1904.0	2.0	3.4
1904.0	3.0	4.3
1904.0	4.0	8.7
1904.0	5.0	10.9
1904.0	6.0	13.3
1904.0	7.0	17.1
1904.0	8.0	15.1
1904.0	9.0	12.5
1904.0	10.0	9.7
1904.0	11.0	5.2
1904.0	12.0	3.7
1905.0	1.0	3.6
1905.0	2.0	5.2
1905.0	3.0	6.8
1905.0	4.0	7.3
1905.0	5.0	10.8
1905.0	6.0	14.7
1905.0	7.0	17.2
1905.0	8.0	14.7
1905.0	9.0	12.4
1905.0	10.0	7.1
1905.0	11.0	4.9
1905.0	12.0	4.9
1906.0	1.0	5.3
1906.0	2.0	3.1
1906.0	3.0	5.1
1906.0	4.0	7.3
1906.0	5.0	10.5
1906.0	6.0	14.3
1906.0	7.0	15.8
1906.0	8.0	16.7
1906.0	9.0	13.9
1906.0	10.0	10.9
1906.0	11.0	7.3
1906.0	12.0	3.0
1907.0	1.0	3.6
1907.0	2.0	2.8
1907.0	3.0	6.3
1907.0	4.0	7.6
1907.0	5.0	10.5
1907.0	6.0	12.4
1907.0	7.0	14.1
1907.0	8.0	14.3
1907.0	9.0	13.6
1907.0	10.0	9.8
1907.0	11.0	6.5
1907.0	12.0	4.6
1908.0	1.0	2.5
1908.0	2.0	5.3
1908.0	3.0	4.3
1908.0	4.0	6.0
1908.0	5.0	12.4
1908.0	6.0	14.3
1908.0	7.0	15.8
1908.0	8.0	14.6
1908.0	9.0	12.9
1908.0	10.0	11.8
1908.0	11.0	7.4
1908.0	12.0	3.9
1909.0	1.0	3.5
1909.0	2.0	2.9
1909.0	3.0	3.7
1909.0	4.0	8.7
1909.0	5.0	11.0
1909.0	6.0	11.8
1909.0	7.0	14.6
1909.0	8.0	15.4
1909.0	9.0	11.9
1909.0	10.0	10.4
1909.0	11.0	4.8
1909.0	12.0	3.9
1910.0	1.0	3.5
1910.0	2.0	5.1
1910.0	3.0	6.1
1910.0	4.0	7.3
1910.0	5.0	11.2
1910.0	6.0	14.7
1910.0	7.0	14.2
1910.0	8.0	15.2
1910.0	9.0	12.5
1910.0	10.0	10.6
1910.0	11.0	3.2
1910.0	12.0	6.4
1911.0	1.0	3.8
1911.0	2.0	4.8
1911.0	3.0	5.2
1911.0	4.0	7.5
1911.0	5.0	12.9
1911.0	6.0	14.5
1911.0	7.0	18.2
1911.0	8.0	18.2
1911.0	9.0	13.9
1911.0	10.0	9.3
1911.0	11.0	6.1
1911.0	12.0	6.2
1912.0	1.0	3.6
1912.0	2.0	5.4
1912.0	3.0	7.2
1912.0	4.0	8.8
1912.0	5.0	12.1
1912.0	6.0	13.9
1912.0	7.0	16.1
1912.0	8.0	12.9
1912.0	9.0	11.1
1912.0	10.0	8.2
1912.0	11.0	6.3
1912.0	12.0	6.7
1913.0	1.0	4.5
1913.0	2.0	4.8
1913.0	3.0	6.2
1913.0	4.0	8.1
1913.0	5.0	11.4
1913.0	6.0	14.3
1913.0	7.0	14.6
1913.0	8.0	15.2
1913.0	9.0	14.1
1913.0	10.0	10.9
1913.0	11.0	8.4
1913.0	12.0	5.1
1914.0	1.0	3.7
1914.0	2.0	6.8
1914.0	3.0	6.1
1914.0	4.0	9.8
1914.0	5.0	10.8
1914.0	6.0	14.5
1914.0	7.0	15.8
1914.0	8.0	16.1
1914.0	9.0	13.3
1914.0	10.0	10.3
1914.0	11.0	6.8
1914.0	12.0	4.6
1915.0	1.0	4.1
1915.0	2.0	4.3
1915.0	3.0	5.2
1915.0	4.0	7.9
1915.0	5.0	10.8
1915.0	6.0	14.4
1915.0	7.0	14.6
1915.0	8.0	15.3
1915.0	9.0	13.4
1915.0	10.0	9.1
1915.0	11.0	2.8
1915.0	12.0	5.3
1916.0	1.0	7.5
1916.0	2.0	3.8
1916.0	3.0	3.3
1916.0	4.0	8.2
1916.0	5.0	11.6
1916.0	6.0	11.8
1916.0	7.0	15.3
1916.0	8.0	16.4
1916.0	9.0	13.0
1916.0	10.0	10.6
1916.0	11.0	6.8
1916.0	12.0	1.9
1917.0	1.0	1.6
1917.0	2.0	0.9
1917.0	3.0	3.2
1917.0	4.0	5.4
1917.0	5.0	12.8
1917.0	6.0	15.2
1917.0	7.0	16.1
1917.0	8.0	15.3
1917.0	9.0	14.0
1917.0	10.0	7.5
1917.0	11.0	7.8
1917.0	12.0	2.3
1918.0	1.0	3.8
1918.0	2.0	6.5
1918.0	3.0	5.7
1918.0	4.0	6.7
1918.0	5.0	13.0
1918.0	6.0	13.3
1918.0	7.0	15.4
1918.0	8.0	16.1
1918.0	9.0	11.9
1918.0	10.0	9.3
1918.0	11.0	5.5
1918.0	12.0	6.9
1919.0	1.0	2.9
1919.0	2.0	1.9
1919.0	3.0	3.6
1919.0	4.0	7.1
1919.0	5.0	13.5
1919.0	6.0	14.3
1919.0	7.0	13.9
1919.0	8.0	15.7
1919.0	9.0	12.7
1919.0	10.0	7.4
1919.0	11.0	3.3
1919.0	12.0	5.5
1920.0	1.0	5.2
1920.0	2.0	6.0
1920.0	3.0	7.2
1920.0	4.0	8.2
1920.0	5.0	11.8
1920.0	6.0	14.4
1920.0	7.0	14.1
1920.0	8.0	13.6
1920.0	9.0	13.0
1920.0	10.0	10.4
1920.0	11.0	6.8
1920.0	12.0	4.2
1921.0	1.0	7.3
1921.0	2.0	4.8
1921.0	3.0	7.4
1921.0	4.0	8.0
1921.0	5.0	11.5
1921.0	6.0	14.7
1921.0	7.0	18.5
1921.0	8.0	15.4
1921.0	9.0	14.1
1921.0	10.0	12.8
1921.0	11.0	4.6
1921.0	12.0	6.5
1922.0	1.0	3.7
1922.0	2.0	4.4
1922.0	3.0	4.6
1922.0	4.0	5.5
1922.0	5.0	12.7
1922.0	6.0	13.8
1922.0	7.0	13.7
1922.0	8.0	13.6
1922.0	9.0	12.2
1922.0	10.0	8.2
1922.0	11.0	5.9
1922.0	12.0	5.8
1923.0	1.0	5.6
1923.0	2.0	5.6
1923.0	3.0	6.5
1923.0	4.0	7.6
1923.0	5.0	9.2
1923.0	6.0	12.5
1923.0	7.0	17.5
1923.0	8.0	15.2
1923.0	9.0	12.5
1923.0	10.0	9.7
1923.0	11.0	3.3
1923.0	12.0	3.8
1924.0	1.0	4.7
1924.0	2.0	3.3
1924.0	3.0	4.1
1924.0	4.0	6.9
1924.0	5.0	11.6
1924.0	6.0	13.9
1924.0	7.0	15.3
1924.0	8.0	14.1
1924.0	9.0	13.3
1924.0	10.0	10.1
1924.0	11.0	7.1
1924.0	12.0	6.8
1925.0	1.0	5.3
1925.0	2.0	5.2
1925.0	3.0	4.9
1925.0	4.0	7.5
1925.0	5.0	11.6
1925.0	6.0	15.0
1925.0	7.0	16.8
1925.0	8.0	15.4
1925.0	9.0	11.5
1925.0	10.0	10.4
1925.0	11.0	3.6
1925.0	12.0	2.8
1926.0	1.0	4.6
1926.0	2.0	6.8
1926.0	3.0	6.3
1926.0	4.0	9.3
1926.0	5.0	10.2
1926.0	6.0	13.6
1926.0	7.0	17.1
1926.0	8.0	16.2
1926.0	9.0	14.4
1926.0	10.0	8.1
1926.0	11.0	5.9
1926.0	12.0	4.2
1927.0	1.0	4.6
1927.0	2.0	3.9
1927.0	3.0	7.3
1927.0	4.0	7.9
1927.0	5.0	11.2
1927.0	6.0	12.6
1927.0	7.0	15.9
1927.0	8.0	15.7
1927.0	9.0	12.5
1927.0	10.0	10.5
1927.0	11.0	6.2
1927.0	12.0	2.1
1928.0	1.0	5.2
1928.0	2.0	5.8
1928.0	3.0	6.3
1928.0	4.0	8.5
1928.0	5.0	10.9
1928.0	6.0	12.9
1928.0	7.0	16.1
1928.0	8.0	15.3
1928.0	9.0	12.8
1928.0	10.0	10.1
1928.0	11.0	7.6
1928.0	12.0	3.4
1929.0	1.0	1.3
1929.0	2.0	0.4
1929.0	3.0	6.2
1929.0	4.0	6.8
1929.0	5.0	11.3
1929.0	6.0	13.3
1929.0	7.0	16.0
1929.0	8.0	15.4
1929.0	9.0	15.3
1929.0	10.0	9.6
1929.0	11.0	6.7
1929.0	12.0	5.8
1930.0	1.0	5.6
1930.0	2.0	2.5
1930.0	3.0	5.3
1930.0	4.0	8.3
1930.0	5.0	10.7
1930.0	6.0	15.3
1930.0	7.0	15.2
1930.0	8.0	15.7
1930.0	9.0	13.6
1930.0	10.0	10.5
1930.0	11.0	6.2
1930.0	12.0	4.3
1931.0	1.0	3.2
1931.0	2.0	3.9
1931.0	3.0	4.2
1931.0	4.0	7.7
1931.0	5.0	11.4
1931.0	6.0	14.4
1931.0	7.0	15.3
1931.0	8.0	14.4
1931.0	9.0	11.5
1931.0	10.0	8.8
1931.0	11.0	7.8
1931.0	12.0	5.3
1932.0	1.0	6.3
1932.0	2.0	2.9
1932.0	3.0	4.7
1932.0	4.0	6.9
1932.0	5.0	10.5
1932.0	6.0	14.1
1932.0	7.0	16.1
1932.0	8.0	17.1
1932.0	9.0	12.9
1932.0	10.0	8.8
1932.0	11.0	6.6
1932.0	12.0	5.7
1933.0	1.0	2.2
1933.0	2.0	4.3
1933.0	3.0	7.3
1933.0	4.0	8.8
1933.0	5.0	12.2
1933.0	6.0	15.6
1933.0	7.0	17.8
1933.0	8.0	17.6
1933.0	9.0	14.9
1933.0	10.0	10.1
1933.0	11.0	5.6
1933.0	12.0	1.6
1934.0	1.0	4.1
1934.0	2.0	3.8
1934.0	3.0	4.8
1934.0	4.0	8.0
1934.0	5.0	11.3
1934.0	6.0	14.9
1934.0	7.0	18.2
1934.0	8.0	15.4
1934.0	9.0	14.6
1934.0	10.0	10.6
1934.0	11.0	6.1
1934.0	12.0	8.1
1935.0	1.0	4.5
1935.0	2.0	5.8
1935.0	3.0	6.6
1935.0	4.0	8.2
1935.0	5.0	9.9
1935.0	6.0	15.1
1935.0	7.0	17.1
1935.0	8.0	16.6
1935.0	9.0	13.6
1935.0	10.0	9.5
1935.0	11.0	6.9
1935.0	12.0	2.8
1936.0	1.0	3.7
1936.0	2.0	2.6
1936.0	3.0	7.1
1936.0	4.0	6.3
1936.0	5.0	11.5
1936.0	6.0	14.7
1936.0	7.0	15.3
1936.0	8.0	16.1
1936.0	9.0	14.4
1936.0	10.0	9.4
1936.0	11.0	5.5
1936.0	12.0	5.3
1937.0	1.0	5.2
1937.0	2.0	5.6
1937.0	3.0	3.6
1937.0	4.0	9.2
1937.0	5.0	12.2
1937.0	6.0	14.1
1937.0	7.0	16.1
1937.0	8.0	16.9
1937.0	9.0	13.4
1937.0	10.0	10.4
1937.0	11.0	5.1
1937.0	12.0	3.0
1938.0	1.0	5.7
1938.0	2.0	5.1
1938.0	3.0	9.1
1938.0	4.0	7.6
1938.0	5.0	10.7
1938.0	6.0	14.4
1938.0	7.0	15.2
1938.0	8.0	16.3
1938.0	9.0	13.8
1938.0	10.0	10.5
1938.0	11.0	9.4
1938.0	12.0	4.4
1939.0	1.0	4.2
1939.0	2.0	5.6
1939.0	3.0	5.8
1939.0	4.0	8.8
1939.0	5.0	11.4
1939.0	6.0	14.2
1939.0	7.0	15.5
1939.0	8.0	16.4
1939.0	9.0	14.2
1939.0	10.0	8.2
1939.0	11.0	8.7
1939.0	12.0	3.2
1940.0	1.0	-1.4
1940.0	2.0	2.6
1940.0	3.0	6.0
1940.0	4.0	8.7
1940.0	5.0	12.5
1940.0	6.0	16.4
1940.0	7.0	15.1
1940.0	8.0	15.6
1940.0	9.0	12.8
1940.0	10.0	9.6
1940.0	11.0	6.9
1940.0	12.0	3.8
1941.0	1.0	0.5
1941.0	2.0	3.5
1941.0	3.0	5.1
1941.0	4.0	6.4
1941.0	5.0	9.4
1941.0	6.0	15.1
1941.0	7.0	17.3
1941.0	8.0	14.7
1941.0	9.0	14.5
1941.0	10.0	10.4
1941.0	11.0	6.6
1941.0	12.0	5.6
1942.0	1.0	0.9
1942.0	2.0	0.1
1942.0	3.0	5.2
1942.0	4.0	9.2
1942.0	5.0	11.1
1942.0	6.0	14.4
1942.0	7.0	15.5
1942.0	8.0	16.6
1942.0	9.0	13.6
1942.0	10.0	10.4
1942.0	11.0	4.9
1942.0	12.0	6.7
1943.0	1.0	4.9
1943.0	2.0	6.1
1943.0	3.0	6.5
1943.0	4.0	10.5
1943.0	5.0	11.8
1943.0	6.0	14.4
1943.0	7.0	16.4
1943.0	8.0	16.1
1943.0	9.0	13.3
1943.0	10.0	10.6
1943.0	11.0	6.3
1943.0	12.0	3.5
1944.0	1.0	5.8
1944.0	2.0	3.6
1944.0	3.0	5.2
1944.0	4.0	10.2
1944.0	5.0	11.4
1944.0	6.0	13.5
1944.0	7.0	16.5
1944.0	8.0	17.0
1944.0	9.0	12.5
1944.0	10.0	9.3
1944.0	11.0	6.2
1944.0	12.0	3.6
1945.0	1.0	0.4
1945.0	2.0	7.1
1945.0	3.0	7.9
1945.0	4.0	10.1
1945.0	5.0	12.2
1945.0	6.0	14.6
1945.0	7.0	16.7
1945.0	8.0	15.9
1945.0	9.0	14.4
1945.0	10.0	11.9
1945.0	11.0	7.2
1945.0	12.0	4.9
1946.0	1.0	2.7
1946.0	2.0	5.9
1946.0	3.0	5.1
1946.0	4.0	9.9
1946.0	5.0	10.7
1946.0	6.0	13.1
1946.0	7.0	16.3
1946.0	8.0	14.7
1946.0	9.0	14.0
1946.0	10.0	9.8
1946.0	11.0	8.1
1946.0	12.0	3.1
1947.0	1.0	2.2
1947.0	2.0	-1.9
1947.0	3.0	3.6
1947.0	4.0	8.6
1947.0	5.0	13.5
1947.0	6.0	15.5
1947.0	7.0	17.0
1947.0	8.0	18.6
1947.0	9.0	14.9
1947.0	10.0	10.6
1947.0	11.0	7.2
1947.0	12.0	5.1
1948.0	1.0	5.4
1948.0	2.0	4.7
1948.0	3.0	8.3
1948.0	4.0	9.0
1948.0	5.0	11.4
1948.0	6.0	13.5
1948.0	7.0	15.8
1948.0	8.0	15.1
1948.0	9.0	13.8
1948.0	10.0	10.1
1948.0	11.0	7.3
1948.0	12.0	5.7
1949.0	1.0	5.5
1949.0	2.0	5.7
1949.0	3.0	5.1
1949.0	4.0	10.0
1949.0	5.0	11.2
1949.0	6.0	15.3
1949.0	7.0	17.4
1949.0	8.0	16.8
1949.0	9.0	16.3
1949.0	10.0	11.7
1949.0	11.0	6.6
1949.0	12.0	5.8
1950.0	1.0	4.2
1950.0	2.0	5.3
1950.0	3.0	7.4
1950.0	4.0	7.6
1950.0	5.0	11.3
1950.0	6.0	16.2
1950.0	7.0	15.9
1950.0	8.0	15.6
1950.0	9.0	12.9
1950.0	10.0	9.6
1950.0	11.0	5.7
1950.0	12.0	1.2
1951.0	1.0	3.9
1951.0	2.0	3.7
1951.0	3.0	4.1
1951.0	4.0	6.8
1951.0	5.0	10.1
1951.0	6.0	14.0
1951.0	7.0	16.3
1951.0	8.0	14.8
1951.0	9.0	14.1
1951.0	10.0	9.4
1951.0	11.0	8.5
1951.0	12.0	5.5
1952.0	1.0	2.7
1952.0	2.0	3.4
1952.0	3.0	6.6
1952.0	4.0	9.6
1952.0	5.0	13.4
1952.0	6.0	14.4
1952.0	7.0	16.8
1952.0	8.0	15.8
1952.0	9.0	10.7
1952.0	10.0	8.8
1952.0	11.0	4.2
1952.0	12.0	2.8
1953.0	1.0	3.3
1953.0	2.0	4.3
1953.0	3.0	5.6
1953.0	4.0	7.3
1953.0	5.0	12.6
1953.0	6.0	14.4
1953.0	7.0	15.5
1953.0	8.0	16.2
1953.0	9.0	13.8
1953.0	10.0	9.7
1953.0	11.0	8.5
1953.0	12.0	6.9
1954.0	1.0	2.9
1954.0	2.0	2.6
1954.0	3.0	5.8
1954.0	4.0	7.6
1954.0	5.0	11.2
1954.0	6.0	13.4
1954.0	7.0	14.2
1954.0	8.0	14.6
1954.0	9.0	12.7
1954.0	10.0	11.9
1954.0	11.0	6.9
1954.0	12.0	6.8
1955.0	1.0	2.6
1955.0	2.0	1.2
1955.0	3.0	3.2
1955.0	4.0	9.3
1955.0	5.0	9.7
1955.0	6.0	13.8
1955.0	7.0	17.7
1955.0	8.0	18.1
1955.0	9.0	14.2
1955.0	10.0	9.2
1955.0	11.0	7.0
1955.0	12.0	5.4
1956.0	1.0	3.6
1956.0	2.0	-0.2
1956.0	3.0	6.2
1956.0	4.0	6.9
1956.0	5.0	11.7
1956.0	6.0	13.1
1956.0	7.0	15.8
1956.0	8.0	13.5
1956.0	9.0	14.3
1956.0	10.0	9.4
1956.0	11.0	6.0
1956.0	12.0	5.7
1957.0	1.0	5.5
1957.0	2.0	5.3
1957.0	3.0	9.2
1957.0	4.0	8.9
1957.0	5.0	10.3
1957.0	6.0	15.2
1957.0	7.0	16.3
1957.0	8.0	15.4
1957.0	9.0	12.5
1957.0	10.0	10.8
1957.0	11.0	6.4
1957.0	12.0	4.5
1958.0	1.0	3.4
1958.0	2.0	4.7
1958.0	3.0	3.7
1958.0	4.0	7.4
1958.0	5.0	11.1
1958.0	6.0	14.1
1958.0	7.0	15.9
1958.0	8.0	15.8
1958.0	9.0	15.1
1958.0	10.0	10.8
1958.0	11.0	6.4
1958.0	12.0	4.7
1959.0	1.0	1.6
1959.0	2.0	4.4
1959.0	3.0	7.3
1959.0	4.0	9.4
1959.0	5.0	12.8
1959.0	6.0	15.2
1959.0	7.0	17.3
1959.0	8.0	17.2
1959.0	9.0	14.9
1959.0	10.0	12.6
1959.0	11.0	7.1
1959.0	12.0	6.0
1960.0	1.0	3.8
1960.0	2.0	4.1
1960.0	3.0	6.4
1960.0	4.0	8.9
1960.0	5.0	12.8
1960.0	6.0	16.1
1960.0	7.0	15.1
1960.0	8.0	15.0
1960.0	9.0	13.1
1960.0	10.0	10.3
1960.0	11.0	7.3
1960.0	12.0	3.9
1961.0	1.0	3.9
1961.0	2.0	6.9
1961.0	3.0	8.2
1961.0	4.0	10.0
1961.0	5.0	11.0
1961.0	6.0	14.4
1961.0	7.0	15.2
1961.0	8.0	15.4
1961.0	9.0	15.2
1961.0	10.0	10.9
1961.0	11.0	6.0
1961.0	12.0	2.2
1962.0	1.0	4.3
1962.0	2.0	4.4
1962.0	3.0	2.8
1962.0	4.0	7.7
1962.0	5.0	10.3
1962.0	6.0	13.7
1962.0	7.0	15.1
1962.0	8.0	14.5
1962.0	9.0	12.6
1962.0	10.0	10.4
1962.0	11.0	5.5
1962.0	12.0	1.8
1963.0	1.0	-2.1
1963.0	2.0	-0.7
1963.0	3.0	6.0
1963.0	4.0	8.7
1963.0	5.0	10.6
1963.0	6.0	14.9
1963.0	7.0	15.2
1963.0	8.0	14.3
1963.0	9.0	12.9
1963.0	10.0	11.1
1963.0	11.0	8.2
1963.0	12.0	2.6
1964.0	1.0	3.4
1964.0	2.0	4.5
1964.0	3.0	4.3
1964.0	4.0	8.7
1964.0	5.0	13.3
1964.0	6.0	13.8
1964.0	7.0	16.1
1964.0	8.0	15.5
1964.0	9.0	14.1
1964.0	10.0	8.9
1964.0	11.0	7.4
1964.0	12.0	3.6
1965.0	1.0	3.3
1965.0	2.0	3.1
1965.0	3.0	5.2
1965.0	4.0	8.0
1965.0	5.0	11.7
1965.0	6.0	14.7
1965.0	7.0	14.0
1965.0	8.0	14.9
1965.0	9.0	12.3
1965.0	10.0	11.0
1965.0	11.0	4.5
1965.0	12.0	4.7
1966.0	1.0	2.9
1966.0	2.0	5.7
1966.0	3.0	6.5
1966.0	4.0	7.2
1966.0	5.0	11.0
1966.0	6.0	15.4
1966.0	7.0	15.0
1966.0	8.0	14.7
1966.0	9.0	13.8
1966.0	10.0	10.1
1966.0	11.0	5.6
1966.0	12.0	5.5
1967.0	1.0	4.5
1967.0	2.0	5.4
1967.0	3.0	7.0
1967.0	4.0	7.7
1967.0	5.0	10.4
1967.0	6.0	14.0
1967.0	7.0	16.7
1967.0	8.0	15.7
1967.0	9.0	13.5
1967.0	10.0	10.8
1967.0	11.0	5.4
1967.0	12.0	4.2
1968.0	1.0	4.4
1968.0	2.0	1.9
1968.0	3.0	6.3
1968.0	4.0	8.1
1968.0	5.0	9.8
1968.0	6.0	14.8
1968.0	7.0	15.0
1968.0	8.0	15.4
1968.0	9.0	13.9
1968.0	10.0	12.5
1968.0	11.0	6.5
1968.0	12.0	3.0
1969.0	1.0	5.5
1969.0	2.0	1.0
1969.0	3.0	3.3
1969.0	4.0	7.4
1969.0	5.0	11.2
1969.0	6.0	13.9
1969.0	7.0	16.8
1969.0	8.0	16.4
1969.0	9.0	13.9
1969.0	10.0	13.0
1969.0	11.0	5.4
1969.0	12.0	3.3
1970.0	1.0	3.7
1970.0	2.0	2.9
1970.0	3.0	3.7
1970.0	4.0	6.7
1970.0	5.0	13.0
1970.0	6.0	16.4
1970.0	7.0	15.2
1970.0	8.0	16.0
1970.0	9.0	14.4
1970.0	10.0	10.7
1970.0	11.0	7.8
1970.0	12.0	4.3
1971.0	1.0	4.5
1971.0	2.0	4.5
1971.0	3.0	4.9
1971.0	4.0	7.9
1971.0	5.0	11.6
1971.0	6.0	12.4
1971.0	7.0	16.9
1971.0	8.0	15.6
1971.0	9.0	14.0
1971.0	10.0	11.3
1971.0	11.0	6.0
1971.0	12.0	6.6
1972.0	1.0	3.9
1972.0	2.0	4.3
1972.0	3.0	6.5
1972.0	4.0	8.2
1972.0	5.0	10.5
1972.0	6.0	11.8
1972.0	7.0	15.6
1972.0	8.0	15.1
1972.0	9.0	11.7
1972.0	10.0	10.6
1972.0	11.0	6.3
1972.0	12.0	5.8
1973.0	1.0	4.5
1973.0	2.0	4.3
1973.0	3.0	6.2
1973.0	4.0	7.0
1973.0	5.0	11.4
1973.0	6.0	14.8
1973.0	7.0	15.6
1973.0	8.0	16.5
1973.0	9.0	14.3
1973.0	10.0	9.0
1973.0	11.0	6.0
1973.0	12.0	4.9
1974.0	1.0	5.9
1974.0	2.0	5.4
1974.0	3.0	5.8
1974.0	4.0	8.2
1974.0	5.0	11.0
1974.0	6.0	13.9
1974.0	7.0	15.2
1974.0	8.0	15.2
1974.0	9.0	12.1
1974.0	10.0	7.8
1974.0	11.0	6.8
1974.0	12.0	8.1
1975.0	1.0	6.8
1975.0	2.0	4.4
1975.0	3.0	4.8
1975.0	4.0	8.3
1975.0	5.0	9.9
1975.0	6.0	14.7
1975.0	7.0	17.4
1975.0	8.0	18.7
1975.0	9.0	13.5
1975.0	10.0	9.9
1975.0	11.0	6.3
1975.0	12.0	5.3
1976.0	1.0	5.9
1976.0	2.0	4.5
1976.0	3.0	4.8
1976.0	4.0	8.1
1976.0	5.0	12.1
1976.0	6.0	17.0
1976.0	7.0	18.7
1976.0	8.0	17.6
1976.0	9.0	13.4
1976.0	10.0	10.6
1976.0	11.0	6.3
1976.0	12.0	2.0
1977.0	1.0	2.8
1977.0	2.0	5.2
1977.0	3.0	6.9
1977.0	4.0	7.2
1977.0	5.0	10.6
1977.0	6.0	12.2
1977.0	7.0	15.9
1977.0	8.0	15.2
1977.0	9.0	13.3
1977.0	10.0	11.8
1977.0	11.0	6.6
1977.0	12.0	6.1
1978.0	1.0	3.4
1978.0	2.0	2.8
1978.0	3.0	6.7
1978.0	4.0	6.5
1978.0	5.0	11.7
1978.0	6.0	13.7
1978.0	7.0	14.8
1978.0	8.0	15.0
1978.0	9.0	14.2
1978.0	10.0	11.9
1978.0	11.0	8.5
1978.0	12.0	3.9
1979.0	1.0	-0.4
1979.0	2.0	1.2
1979.0	3.0	4.7
1979.0	4.0	7.8
1979.0	5.0	10.0
1979.0	6.0	13.9
1979.0	7.0	16.2
1979.0	8.0	14.9
1979.0	9.0	13.5
1979.0	10.0	11.3
1979.0	11.0	6.8
1979.0	12.0	5.8
1980.0	1.0	2.3
1980.0	2.0	5.7
1980.0	3.0	4.7
1980.0	4.0	8.8
1980.0	5.0	11.2
1980.0	6.0	13.8
1980.0	7.0	14.7
1980.0	8.0	15.9
1980.0	9.0	14.7
1980.0	10.0	9.0
1980.0	11.0	6.6
1980.0	12.0	5.6
1981.0	1.0	4.9
1981.0	2.0	3.0
1981.0	3.0	7.9
1981.0	4.0	7.8
1981.0	5.0	11.2
1981.0	6.0	13.2
1981.0	7.0	15.5
1981.0	8.0	16.2
1981.0	9.0	14.5
1981.0	10.0	8.6
1981.0	11.0	7.8
1981.0	12.0	0.3
1982.0	1.0	2.6
1982.0	2.0	4.8
1982.0	3.0	6.1
1982.0	4.0	8.6
1982.0	5.0	11.6
1982.0	6.0	15.5
1982.0	7.0	16.5
1982.0	8.0	15.7
1982.0	9.0	14.2
1982.0	10.0	10.1
1982.0	11.0	8.0
1982.0	12.0	4.4
1983.0	1.0	6.7
1983.0	2.0	1.7
1983.0	3.0	6.4
1983.0	4.0	6.8
1983.0	5.0	10.3
1983.0	6.0	14.4
1983.0	7.0	19.5
1983.0	8.0	17.3
1983.0	9.0	13.7
1983.0	10.0	10.5
1983.0	11.0	7.5
1983.0	12.0	5.6
1984.0	1.0	3.8
1984.0	2.0	3.3
1984.0	3.0	4.7
1984.0	4.0	8.1
1984.0	5.0	9.9
1984.0	6.0	14.5
1984.0	7.0	16.9
1984.0	8.0	17.6
1984.0	9.0	13.7
1984.0	10.0	11.1
1984.0	11.0	8.0
1984.0	12.0	5.2
1985.0	1.0	0.8
1985.0	2.0	2.1
1985.0	3.0	4.7
1985.0	4.0	8.3
1985.0	5.0	10.9
1985.0	6.0	12.7
1985.0	7.0	16.2
1985.0	8.0	14.6
1985.0	9.0	14.6
1985.0	10.0	11.0
1985.0	11.0	4.1
1985.0	12.0	6.3
1986.0	1.0	3.5
1986.0	2.0	-1.1
1986.0	3.0	4.9
1986.0	4.0	5.8
1986.0	5.0	11.1
1986.0	6.0	14.8
1986.0	7.0	15.9
1986.0	8.0	13.7
1986.0	9.0	11.3
1986.0	10.0	11.0
1986.0	11.0	7.8
1986.0	12.0	6.2
1987.0	1.0	0.8
1987.0	2.0	3.6
1987.0	3.0	4.1
1987.0	4.0	10.3
1987.0	5.0	10.1
1987.0	6.0	12.8
1987.0	7.0	15.9
1987.0	8.0	15.6
1987.0	9.0	13.6
1987.0	10.0	9.7
1987.0	11.0	6.5
1987.0	12.0	5.6
1988.0	1.0	5.3
1988.0	2.0	4.9
1988.0	3.0	6.4
1988.0	4.0	8.2
1988.0	5.0	11.9
1988.0	6.0	14.4
1988.0	7.0	14.7
1988.0	8.0	15.2
1988.0	9.0	13.2
1988.0	10.0	10.4
1988.0	11.0	5.2
1988.0	12.0	7.5
1989.0	1.0	6.1
1989.0	2.0	5.9
1989.0	3.0	7.5
1989.0	4.0	6.6
1989.0	5.0	13.0
1989.0	6.0	14.6
1989.0	7.0	18.2
1989.0	8.0	16.6
1989.0	9.0	14.7
1989.0	10.0	11.7
1989.0	11.0	6.2
1989.0	12.0	4.9
1990.0	1.0	6.5
1990.0	2.0	7.3
1990.0	3.0	8.3
1990.0	4.0	8.0
1990.0	5.0	12.6
1990.0	6.0	13.6
1990.0	7.0	16.9
1990.0	8.0	18.0
1990.0	9.0	13.2
1990.0	10.0	11.9
1990.0	11.0	6.9
1990.0	12.0	4.3
1991.0	1.0	3.3
1991.0	2.0	1.5
1991.0	3.0	7.9
1991.0	4.0	7.9
1991.0	5.0	10.8
1991.0	6.0	12.1
1991.0	7.0	17.3
1991.0	8.0	17.1
1991.0	9.0	14.7
1991.0	10.0	10.2
1991.0	11.0	6.8
1991.0	12.0	4.7
1992.0	1.0	3.7
1992.0	2.0	5.4
1992.0	3.0	7.5
1992.0	4.0	8.7
1992.0	5.0	13.6
1992.0	6.0	15.7
1992.0	7.0	16.2
1992.0	8.0	15.3
1992.0	9.0	13.4
1992.0	10.0	7.8
1992.0	11.0	7.4
1992.0	12.0	3.6
1993.0	1.0	5.9
1993.0	2.0	4.6
1993.0	3.0	6.7
1993.0	4.0	9.5
1993.0	5.0	11.4
1993.0	6.0	15.0
1993.0	7.0	15.2
1993.0	8.0	14.6
1993.0	9.0	12.4
1993.0	10.0	8.5
1993.0	11.0	4.6
1993.0	12.0	5.5
1994.0	1.0	5.3
1994.0	2.0	3.2
1994.0	3.0	7.7
1994.0	4.0	8.1
1994.0	5.0	10.7
1994.0	6.0	14.5
1994.0	7.0	18.0
1994.0	8.0	16.0
1994.0	9.0	12.7
1994.0	10.0	10.2
1994.0	11.0	10.1
1994.0	12.0	6.4
1995.0	1.0	4.8
1995.0	2.0	6.5
1995.0	3.0	5.6
1995.0	4.0	9.1
1995.0	5.0	11.6
1995.0	6.0	14.3
1995.0	7.0	18.6
1995.0	8.0	19.2
1995.0	9.0	13.7
1995.0	10.0	12.9
1995.0	11.0	7.7
1995.0	12.0	2.3
1996.0	1.0	4.3
1996.0	2.0	2.5
1996.0	3.0	4.5
1996.0	4.0	8.5
1996.0	5.0	9.1
1996.0	6.0	14.4
1996.0	7.0	16.5
1996.0	8.0	16.5
1996.0	9.0	13.6
1996.0	10.0	11.7
1996.0	11.0	5.9
1996.0	12.0	2.9
1997.0	1.0	2.5
1997.0	2.0	6.7
1997.0	3.0	8.4
1997.0	4.0	9.0
1997.0	5.0	11.5
1997.0	6.0	14.1
1997.0	7.0	16.7
1997.0	8.0	18.9
1997.0	9.0	14.2
1997.0	10.0	10.2
1997.0	11.0	8.4
1997.0	12.0	5.8
1998.0	1.0	5.2
1998.0	2.0	7.3
1998.0	3.0	7.9
1998.0	4.0	7.7
1998.0	5.0	13.1
1998.0	6.0	14.2
1998.0	7.0	15.5
1998.0	8.0	15.9
1998.0	9.0	14.9
1998.0	10.0	10.6
1998.0	11.0	6.2
1998.0	12.0	5.5
1999.0	1.0	5.5
1999.0	2.0	5.3
1999.0	3.0	7.4
1999.0	4.0	9.4
1999.0	5.0	12.9
1999.0	6.0	13.9
1999.0	7.0	17.7
1999.0	8.0	16.1
1999.0	9.0	15.6
1999.0	10.0	10.7
1999.0	11.0	7.9
1999.0	12.0	5.0
2000.0	1.0	4.9
2000.0	2.0	6.3
2000.0	3.0	7.6
2000.0	4.0	7.8
2000.0	5.0	12.1
2000.0	6.0	15.1
2000.0	7.0	15.5
2000.0	8.0	16.6
2000.0	9.0	14.7
2000.0	10.0	10.3
2000.0	11.0	7.0
2000.0	12.0	5.8
2001.0	1.0	3.2
2001.0	2.0	4.4
2001.0	3.0	5.2
2001.0	4.0	7.7
2001.0	5.0	12.6
2001.0	6.0	14.3
2001.0	7.0	17.2
2001.0	8.0	16.8
2001.0	9.0	13.4
2001.0	10.0	13.3
2001.0	11.0	7.5
2001.0	12.0	3.6
2002.0	1.0	5.5
2002.0	2.0	7.0
2002.0	3.0	7.6
2002.0	4.0	9.3
2002.0	5.0	11.8
2002.0	6.0	14.4
2002.0	7.0	16.0
2002.0	8.0	17.0
2002.0	9.0	14.4
2002.0	10.0	10.1
2002.0	11.0	8.5
2002.0	12.0	5.7
2003.0	1.0	4.5
2003.0	2.0	3.9
2003.0	3.0	7.5
2003.0	4.0	9.6
2003.0	5.0	12.1
2003.0	6.0	16.1
2003.0	7.0	17.6
2003.0	8.0	18.3
2003.0	9.0	14.3
2003.0	10.0	9.2
2003.0	11.0	8.1
2003.0	12.0	4.8
2004.0	1.0	5.2
2004.0	2.0	5.4
2004.0	3.0	6.5
2004.0	4.0	9.4
2004.0	5.0	12.1
2004.0	6.0	15.3
2004.0	7.0	15.8
2004.0	8.0	17.6
2004.0	9.0	14.9
2004.0	10.0	10.5
2004.0	11.0	7.7
2004.0	12.0	5.4
2005.0	1.0	6.0
2005.0	2.0	4.3
2005.0	3.0	7.2
2005.0	4.0	8.9
2005.0	5.0	11.4
2005.0	6.0	15.5
2005.0	7.0	16.9
2005.0	8.0	16.2
2005.0	9.0	15.2
2005.0	10.0	13.1
2005.0	11.0	6.2
2005.0	12.0	4.4
2006.0	1.0	4.3
2006.0	2.0	3.7
2006.0	3.0	4.9
2006.0	4.0	8.6
2006.0	5.0	12.3
2006.0	6.0	15.9
2006.0	7.0	19.7
2006.0	8.0	16.1
2006.0	9.0	16.8
2006.0	10.0	13.0
2006.0	11.0	8.1
2006.0	12.0	6.5
2007.0	1.0	7.0
2007.0	2.0	5.8
2007.0	3.0	7.2
2007.0	4.0	11.2
2007.0	5.0	11.9
2007.0	6.0	15.1
2007.0	7.0	15.2
2007.0	8.0	15.4
2007.0	9.0	13.8
2007.0	10.0	10.9
2007.0	11.0	7.3
2007.0	12.0	4.9
2008.0	1.0	6.6
2008.0	2.0	5.4
2008.0	3.0	6.1
2008.0	4.0	7.9
2008.0	5.0	13.4
2008.0	6.0	13.9
2008.0	7.0	16.2
2008.0	8.0	16.2
2008.0	9.0	13.5
2008.0	10.0	9.7
2008.0	11.0	7.0
2008.0	12.0	3.5
2009.0	1.0	3.0
2009.0	2.0	4.1
2009.0	3.0	7.0
2009.0	4.0	10.0
2009.0	5.0	12.1
2009.0	6.0	14.8
2009.0	7.0	16.1
2009.0	8.0	16.6
2009.0	9.0	14.2
2009.0	10.0	11.6
2009.0	11.0	8.7
2009.0	12.0	3.1
2010.0	1.0	1.4
2010.0	2.0	2.8
2010.0	3.0	6.1
2010.0	4.0	8.8
2010.0	5.0	10.7
2010.0	6.0	15.2
2010.0	7.0	17.1
2010.0	8.0	15.3
2010.0	9.0	13.8
2010.0	10.0	10.3
2010.0	11.0	5.2
2010.0	12.0	-0.7
2011.0	1.0	3.7
2011.0	2.0	6.4
2011.0	3.0	6.7
2011.0	4.0	11.8
2011.0	5.0	12.2
2011.0	6.0	13.8
2011.0	7.0	15.2
2011.0	8.0	15.4
2011.0	9.0	15.1
2011.0	10.0	12.6
2011.0	11.0	9.6
2011.0	12.0	6.0
