1.0	0.6966138482093811	-1.0466226580440479
2.0	0.5347017049789429	-0.0835584852561195
3.0	0.7918287515640259	0.6534331960177407
4.0	0.644822895526886	-0.8858047632463883
5.0	0.3828300535678864	1.0561141408853314
6.0	0.2010015249252319	0.1399042570410457
7.0	0.6578807830810547	0.464704665915554
8.0	0.9135223031044006	-0.16755908763467664
9.0	0.5824980735778809	-1.5882327236245488
10.0	0.4081963300704956	-0.061249445407929294
11.0	0.1846448630094528	0.027459974018784975
12.0	0.7367295622825623	-0.4681082051895933
13.0	0.8761263489723206	-1.5207086232786784
14.0	0.5033066868782043	-0.45669140894362
15.0	0.4541429579257965	-1.157253201471085
16.0	0.3190073072910309	0.07269802007038166
17.0	0.6385419368743896	1.9676598768361737
18.0	0.01534417364746332	-1.6722028489532614
19.0	0.8475862145423889	0.46036196040110916
20.0	0.01785949990153313	-0.47002417526050483
21.0	0.9061709642410278	-2.390511908178358
22.0	0.378170907497406	-2.3652996716090406
23.0	0.466921478509903	0.007707026867812112
24.0	0.9280608892440796	-0.5617826592228251
25.0	0.2435425519943237	-1.5097492856513903
26.0	0.4985256195068359	0.9457869215973878
27.0	0.1444087773561478	0.056162662536957335
28.0	0.2196910828351974	-0.45569547689800766
29.0	0.1207557320594788	1.1844402028533378
30.0	0.9932281374931335	-0.48947097697834646
31.0	0.4496141672134399	0.3389836934733792
32.0	0.5470730066299438	0.6670416386588361
33.0	0.07684177160263062	-1.265542150191509
34.0	0.1160202026367188	-0.7352998542092184
35.0	0.4394261837005615	0.7546220546411677
36.0	0.9569057822227478	2.373213226374167
37.0	0.7862781882286072	2.790914191934677
38.0	0.1303007900714874	-0.6298486498216316
39.0	0.8995144367218018	-1.0980507391760796
40.0	0.9723017811775208	1.2954508912927643
41.0	0.410810261964798	-1.1095438154997448
42.0	0.60905522108078	2.551193972617226
43.0	0.1873559504747391	1.862069922646859
44.0	0.5109869837760925	-0.3654200331955418
45.0	0.6272261142730713	-1.0305660028214096
46.0	0.8390514254570007	-0.7999697874504956
47.0	0.2973896265029907	0.5346511915578005
48.0	0.3877215385437012	0.1875254013929089
49.0	0.5997793674468994	-0.2286829056143606
50.0	0.1799657493829727	-0.3400152402839284
51.0	0.05200882256031036	1.0307694130690928
52.0	0.09900525212287903	-0.03237330427025267
53.0	0.3226227164268494	0.8854759906000621
54.0	0.004845241084694862	1.1542804430451574
55.0	0.8384726643562317	1.9705439864356236
56.0	0.9052459597587585	-0.39425840306714505
57.0	0.7589858770370483	-0.18593869596234144
58.0	0.1450142860412598	0.9640774100291937
59.0	0.8799787759780884	0.9583221780581554
60.0	0.3522175848484039	0.3953473209668029
61.0	0.8835200071334839	0.29232512090207824
62.0	0.8251455426216125	0.2743313479893374
63.0	0.7970913648605347	-0.519656244639277
64.0	0.4754278957843781	0.943472439598666
65.0	0.8431791067123413	-0.1863641385913498
66.0	0.3232063353061676	0.5851579626619909
67.0	0.7816498875617981	0.8304179845410495
68.0	0.7172107100486755	1.3125808499775633
69.0	0.4299730062484741	-0.2685457260759678
70.0	0.2422415614128113	-0.4785642284172692
71.0	0.1591934561729431	1.4973935852404927
72.0	0.3355295658111572	0.8167178601521918
73.0	0.2482245564460754	-0.24087965125219218
74.0	0.02975518256425858	1.253260699988483
75.0	0.9359023571014404	0.08581070371590328
76.0	0.3343856930732727	-0.3149200276935529
77.0	0.5208997130393982	0.07560861976027398
78.0	0.6250206232070923	-1.0908038152538637
79.0	0.3143008649349213	-2.004362360237149
80.0	0.05378340557217598	-0.14897665973686391
81.0	0.6876932382583618	1.2226066920738192
82.0	0.09507599472999573	-0.6618551758236665
83.0	0.969550609588623	0.30536620358899025
84.0	0.7449038028717041	-0.8668152842096004
85.0	0.965302050113678	1.3430661727495843
86.0	0.09665091335773468	1.7118668435807733
87.0	0.4432058334350586	0.9324039737429133
88.0	0.8186402320861816	-0.10232803266245111
89.0	0.6969476342201233	-0.40397172491550476
90.0	0.5119986534118652	-0.28243248076073757
91.0	0.3576662540435791	-0.1562833597762115
92.0	0.3139420747756958	-0.9897176576335546
93.0	0.9172816276550293	-1.4740319948178082
94.0	0.3931301832199097	1.7953836696068086
95.0	0.6252523064613342	-0.8255332508536222
96.0	0.03623617067933083	-0.7197944095216079
97.0	0.5216028690338135	0.9699627800074933
98.0	0.7702449560165405	0.17715376143580705
99.0	0.232591912150383	0.7049761714361679
100.0	0.4516200721263885	0.9011322051505365
256.0	0.5104939341545105	-0.6134277573093355
257.0	0.2084757685661316	-0.3214361672873941
258.0	0.9540643095970154	-0.15101064855154425
259.0	0.6153011322021484	1.1469913786396062
260.0	0.8237597942352295	-0.31055865246152176
261.0	0.9238037467002869	-2.114674029228851
262.0	0.1364254355430603	0.31347345725811
263.0	0.284150242805481	0.22156565274206047
264.0	0.05723302811384201	-1.9219034005913005
265.0	0.8978639841079712	-0.3526223186431342
266.0	0.8062042593955994	0.7614039876122751
267.0	0.6081820726394653	0.6607005517644191
268.0	0.05738188326358795	-0.09861457065583362
269.0	0.1949825882911682	-0.9568273186479793
270.0	0.07004116475582123	-0.3726546164344336
271.0	0.2191784679889679	-1.0677450430115787
272.0	0.9034959673881531	0.6312697623251663
273.0	0.2442134618759155	0.6341815719572366
274.0	0.547396183013916	1.2004909012105591
275.0	0.9221312999725342	-0.6688392818734084
276.0	0.5755373239517212	-1.4475901693937043
277.0	0.08830800652503967	-0.36420649459661225
278.0	0.6146116852760315	0.8979046762901847
279.0	0.4667767882347107	0.7398675009536996
280.0	0.4565934538841248	0.512928836658855
281.0	0.01162151992321014	0.2681933332377141
282.0	0.5162936449050903	-0.5991013728919823
283.0	0.6938111186027527	1.3913510246590517
284.0	0.8107130527496338	-1.866672389746658
285.0	0.6099352240562439	0.4688956199347799
286.0	0.6143864393234253	0.013593813348981873
287.0	0.2341724783182144	0.5790386993299468
288.0	0.4512391090393066	-1.1217074046890438
289.0	0.2174090147018433	0.0702502156789079
290.0	0.3305812776088715	0.7632608554607329
291.0	0.9984049797058105	1.5861172647275128
292.0	0.5665246844291687	1.1367685986096958
293.0	0.5518386960029602	-0.991235790612585
294.0	0.7475076913833618	-0.30550326383235243
295.0	0.5508471727371216	-0.9855655863354637
296.0	0.1540305018424988	-1.36629985178745
297.0	0.917271614074707	-0.803230368341557
298.0	0.3417220115661621	0.8871712393579282
299.0	0.515640914440155	0.7025072895745876
300.0	0.8985666036605835	1.1250056069205945
301.0	0.1629205793142319	-0.8943933601460613
302.0	0.994583785533905	-0.9586869550858891
303.0	0.8019043803215027	0.9548454693609904
304.0	0.09140875190496445	-0.017669965601458455
305.0	0.8270493149757385	0.9778882652133342
306.0	0.8236015439033508	0.9588625113092285
307.0	0.6840350031852722	0.7119364299259644
308.0	0.5266793370246887	2.5363522553568485
309.0	0.7158485651016235	2.0222559177151926
310.0	0.4116096794605255	-1.5368819089578585
311.0	0.4726599156856537	-0.15330273578997314
312.0	0.9619930982589722	0.07705049237961731
313.0	0.8049166798591614	1.0960699420097757
314.0	0.3793268799781799	0.011324517873364559
315.0	0.9350739121437073	-0.3513473415111129
316.0	0.6407526135444641	1.0035859793948725
317.0	0.2489080280065536	-1.4125631338861142
318.0	0.04641222581267357	-1.1229005096058735
319.0	0.6175047755241394	1.121243592220608
320.0	0.9746951460838318	0.915742951451734
321.0	0.2258124649524689	0.6890626000662922
322.0	0.8609346747398376	-0.11701272218280082
323.0	0.1790610402822495	0.11013002847718968
324.0	0.1341032832860947	-0.07678233278201395
325.0	0.5725661516189575	1.548122780653203
326.0	0.2236699312925339	0.6780108252941176
327.0	0.1878300458192825	0.3746077961798824
328.0	0.3365695178508759	-0.35982269747986406
329.0	0.76305091381073	0.40257676709106666
330.0	0.7167013883590698	0.06328017631736131
331.0	0.4012405276298523	-0.27911822359186345
332.0	0.7615206241607666	-0.3227519258933907
333.0	0.7470120191574097	1.1614756015702374
334.0	0.5492646098136902	2.0226790975085476
335.0	0.04507245868444443	3.257426462950555
336.0	0.5029376745223999	-1.3771854123982927
337.0	0.9813228845596313	-0.2450401766957628
338.0	0.3396754264831543	0.8867576457832678
339.0	0.2027093023061752	-1.5329895435001881
340.0	0.4745921492576599	0.8059518127562194
341.0	0.5535157322883606	1.4283862546939379
342.0	0.690933883190155	0.33869115215573525
343.0	0.6148414611816406	0.2669752389149154
344.0	0.2907752394676208	1.0340750654750939
345.0	0.1776111721992493	0.33578188768039774
346.0	0.3726701736450195	-1.4811663502525805
347.0	0.3588097095489502	1.0620912857030138
348.0	0.9769514799118042	1.159644250105406
349.0	0.9720819592475891	0.12821818429589066
350.0	0.8438653349876404	-0.27488155709726586
351.0	0.16966213285923	-0.10776299987784657
352.0	0.9701107740402222	1.2204903198609203
353.0	0.5701034665107727	-0.8558745934329962
354.0	0.1056276336312294	-1.2934377522744798
355.0	0.04416945204138756	-0.28756040732465177
356.0	0.5445719361305237	-0.5272350709240067
357.0	0.1515987664461136	2.541868285615513
358.0	0.5323092341423035	-1.2132212842479253
359.0	0.7177532911300659	1.257001027158564
360.0	0.02935190685093403	-0.36275033810365054
361.0	0.9708541631698608	0.5976814848805738
362.0	0.610638439655304	-1.3491446809954641
363.0	0.9289109110832214	0.6961741652777691
364.0	0.1286343932151794	-0.8519348573437415
365.0	0.02345268800854683	0.45578648883530226
366.0	0.05016333982348442	-1.228093747282158
367.0	0.7712042927742004	1.4974545798124048
368.0	0.2095145136117935	-0.9131307628252283
369.0	0.8735556602478027	0.9663200624653863
370.0	0.6779611706733704	-0.31327747315814664
371.0	0.3294535577297211	-1.8712865970623318
372.0	0.7818931341171265	-0.6240078442082916
373.0	0.7851332426071167	-0.739287346298665
374.0	0.7451921701431274	-0.7883564614628091
375.0	0.8842689990997314	-2.505681116074197
376.0	0.8108842372894287	1.05499975719501
377.0	0.3168873190879822	0.03629516508372348
378.0	0.9421469569206238	-0.3264515406183381
379.0	0.0548238642513752	-1.4821224537619713
380.0	0.4660780429840088	-0.446634185085465
381.0	0.3520327210426331	0.5364483783690838
382.0	0.1704480946063995	-0.8784927832928195
383.0	0.6639851927757263	-1.1853753210683897
384.0	0.1399678438901901	-0.9955779227385689
385.0	0.6232815384864807	1.3063027587414884
386.0	0.9320424199104309	-0.05139197939121507
387.0	0.6045147180557251	0.11210397573727883
388.0	0.07607000321149826	1.1404895743384935
389.0	0.8214110136032104	-1.149191041380351
390.0	0.9427553415298462	-1.0051258675585275
391.0	0.0007467805407941341	0.45858507968769885
392.0	0.1456892341375351	1.9197991878859795
393.0	0.6718209981918335	-0.5588675857838594
394.0	0.4871001243591309	-0.04626538861651398
395.0	0.8448573350906372	0.8107083169033689
396.0	0.3836312890052795	0.3544663577749066
397.0	0.05571969598531723	-1.4407406574821713
398.0	0.7564917206764221	0.552499452345326
399.0	0.5467690825462341	0.1611404319046103
400.0	0.656258761882782	-0.6153074534735072
401.0	0.05952712893486023	-1.153093111644244
402.0	0.2814720869064331	0.41790859454352985
403.0	0.1586936712265015	-0.8320801460899616
404.0	0.4933678507804871	-0.12001348906738922
405.0	0.8959017992019653	0.6299750517993578
406.0	0.9920969009399414	-0.9651711435988732
407.0	0.2764013111591339	-0.9778089771311289
408.0	0.2869483530521393	0.8852640517532059
409.0	0.8195346593856812	-1.7830635546209292
410.0	0.9302316308021545	0.5507081811796667
411.0	0.5559793710708618	-0.493930458044088
412.0	0.7065173387527466	-0.4229968407395614
413.0	0.2644979953765869	0.9419958227330278
414.0	0.5766345858573914	-0.08891780954735752
415.0	0.108622282743454	1.4607517008778583
416.0	0.9894020557403564	1.0587517586022543
417.0	0.9696298837661743	1.4428783648104035
418.0	0.2837282419204712	-0.6952485759192203
419.0	0.07311446964740753	0.9271890536019611
420.0	0.356691986322403	0.10166835836195362
421.0	0.5376023650169373	-1.870763725259916
422.0	0.6821042895317078	1.5877739478862132
423.0	0.9289801120758057	-0.9171809630386186
424.0	0.1041704639792442	0.5882556051789125
425.0	0.05351697281002998	-1.43532009948621
426.0	0.5414385795593262	0.49442905493905176
427.0	0.8073073029518127	1.906154231978644
428.0	0.2815044820308685	-1.6465614676392322
429.0	0.02956647053360939	-0.7761107269217296
430.0	0.1148868799209595	2.9312453465009245
431.0	0.4382461309432983	-0.562156543379731
432.0	0.3499448001384735	0.2714532816162133
433.0	0.5091912150382996	-0.08814516928726554
434.0	0.5619635581970215	-1.1792102950726588
435.0	0.7903674840927124	-0.32174022757097
436.0	0.6584755778312683	-0.5046829987874923
437.0	0.4028958082199097	-0.409431243881599
438.0	0.5542740225791931	-0.6164274169014925
439.0	0.1442584544420242	0.886808544799893
440.0	0.4127436578273773	0.6859362847754992
441.0	0.3034555613994598	1.4615311018070871
442.0	0.2477934509515762	-0.8331021062386215
443.0	0.5384768843650818	-1.0961240034496602
444.0	0.2403198629617691	0.17929470324236169
445.0	0.4129349887371063	-0.2953260494317817
446.0	0.5515918135643005	-0.722452140047703
447.0	0.9530251622200012	0.9622459689030556
448.0	0.3334626853466034	0.6468598191452803
449.0	0.4242079854011536	-1.48760456057709
450.0	0.9175942540168762	-0.8206977767028887
451.0	0.07359068095684052	0.5164637639110656
452.0	0.5939534306526184	0.49585804986294263
453.0	0.0858762189745903	0.5034812282903071
454.0	0.8612844347953796	-0.13719576026091954
455.0	0.7626698017120361	-0.5329711667197063
456.0	0.05209756270051003	-0.17658948118511508
457.0	0.5614815354347229	-0.07063613155502392
458.0	0.3266324698925018	-1.4595738254888277
459.0	0.09461133182048798	1.450035789527876
460.0	0.4596841633319855	-1.245062162049743
461.0	0.5586031675338745	-0.5889390091994756
462.0	0.4043854475021362	-0.21989716097630863
463.0	0.6022236943244934	1.587337972925831
464.0	0.8615795969963074	0.42034653677768674
465.0	0.007018594071269035	0.3830259224224928
466.0	0.02927163243293762	0.4466681778665575
467.0	0.3885937035083771	-0.5113613694539463
468.0	0.0704854354262352	-2.3563927660430406
469.0	0.538533627986908	-1.0048052634821134
470.0	0.5352952480316162	-2.5559310102371118
471.0	0.8375845551490784	-1.1553348139112762
472.0	0.236213207244873	0.4698417794723615
473.0	0.9926354885101318	-0.6461752606097412
474.0	0.1500514298677444	-0.47627622320512863
475.0	0.7659375071525574	1.6002907674000961
476.0	0.1630638241767883	0.8561936875011937
477.0	0.1992612481117249	0.17822430082794877
478.0	0.5155155658721924	-0.8062355322609115
479.0	0.3936843574047089	-0.18828000886843504
480.0	0.4211421310901642	-1.132643645634424
481.0	0.1330709010362625	-0.3953583440367271
482.0	0.0533318892121315	0.308292867704563
483.0	0.5474163889884949	1.732444712576796
484.0	0.7981984615325928	-1.0468700090274998
485.0	0.9355005621910095	1.9020917043744112
486.0	0.7521361112594604	2.3601110289956
487.0	0.878781795501709	-0.259069602539325
488.0	0.8765065670013428	0.49152883062523867
489.0	0.5888672471046448	0.2769488419284472
490.0	0.3018567562103271	-1.0953416625811618
491.0	0.2442969232797623	-0.6062894351261106
492.0	0.009285852313041687	-0.40216256580452814
493.0	0.2810754477977753	0.598369828878965
494.0	0.3669807910919189	-0.783599344691289
495.0	0.5577684640884399	2.3750105681187574
496.0	0.9335992336273193	-1.2289714015617712
497.0	0.1093410924077034	2.5982349119525314
498.0	0.3696581423282623	0.690503214483903
499.0	0.3216894268989563	-1.3947500114818332
500.0	0.776397705078125	-0.3285615760405158
501.0	0.9339385628700256	-1.132644889968145
502.0	0.5107003450393677	0.7342986833538463
503.0	0.1605803817510605	-0.9225797835594713
504.0	0.02007892727851868	-1.1180385820867824
505.0	0.7894980311393738	-2.1095021051335974
506.0	0.7548490762710571	-0.1913815155087609
507.0	0.7208247184753418	-1.130787194226794
508.0	0.2672317624092102	1.149358353461509
509.0	0.6090947389602661	-1.4237292936093238
510.0	0.01844252087175846	-1.5140850115037225
511.0	0.3121175467967987	-0.6450089535827263
512.0	0.6632742285728455	0.36982362288590626
513.0	0.4710215628147125	1.221325189610611
514.0	0.05226200819015503	0.5188093996935706
515.0	0.2610786855220795	-0.30237059479589523
516.0	0.8089276552200317	-0.839027019651444
517.0	0.1438969969749451	0.7757070308801564
518.0	0.9479296207427979	-0.915837698036901
519.0	0.1149877905845642	-0.17509968206072357
520.0	0.7892628312110901	0.11621345040687214
521.0	0.4885633587837219	-1.9302492169917538
522.0	0.3113831579685211	-0.8738156836480655
523.0	0.166964203119278	-0.3976322130330004
524.0	0.8610566854476929	-0.435185284973166
525.0	0.500341534614563	0.07401459555298405
526.0	0.8273435831069946	-2.717154914787337
527.0	0.8489904403686523	0.9461113908921926
528.0	0.7333077788352966	-0.036000022730162264
529.0	0.1821383237838745	-0.5424467398948059
530.0	0.546562910079956	1.3380753199772581
531.0	0.9292885661125183	0.10229210141819604
532.0	0.5048596858978271	-0.12962168585076578
533.0	0.9682666063308716	-0.47692371212954754
534.0	0.4323675036430359	-0.5730940227529284
535.0	0.1477441191673279	-0.03822861732363917
536.0	0.3546036183834076	-1.1515252849610738
537.0	0.772344708442688	2.402367693956884
538.0	0.2809507548809052	-1.2473789091537277
539.0	0.8131822943687439	-0.9553213289342531
540.0	0.6570549607276917	-0.6653636763117183
541.0	0.6376656293869019	-0.5121093504833651
542.0	0.03875737637281418	0.6193049071013849
543.0	0.08235616236925125	0.7212400374255395
544.0	0.2463288605213165	-0.9727711815093778
545.0	0.1781675517559052	-1.139301012688032
546.0	0.4102728366851807	-0.3722865707226391
547.0	0.9790554642677307	-2.129912558374263
548.0	0.1792461425065994	-0.48931451743134213
549.0	0.9017080664634705	-0.6213612865353111
550.0	0.2147185206413269	-0.7268310058251497
551.0	0.4766912460327148	0.38400292184036106
552.0	0.7614256739616394	-0.5091981221139971
553.0	0.8429821729660034	0.8570683319839246
554.0	0.163056269288063	-0.006214546423708135
555.0	0.3045709431171417	0.13154645625751502
556.0	0.2624448835849762	-0.39626497278732287
557.0	0.1255186349153519	0.5061948717025772
558.0	0.9957240223884583	-1.1437492200295123
559.0	0.2641410827636719	-0.1345653334365421
560.0	0.3113928437232971	-0.6721696615725491
561.0	0.9699853658676147	1.6158976954517954
562.0	0.889099657535553	-0.5740650152194274
563.0	0.8678216934204102	1.5615099757170414
564.0	0.2959348559379578	1.4361409706508923
565.0	0.2827765345573425	1.8047532608437344
566.0	0.9974324703216553	0.9917041171595248
567.0	0.1005651503801346	-0.2787712993058505
568.0	0.5347087979316711	0.25615684645674547
569.0	0.636027991771698	-0.488919887011051
570.0	0.7185913324356079	-0.045721437044195415
571.0	0.436964750289917	-2.024162578903828
572.0	0.8798036575317383	0.41508692527349667
573.0	0.8017452955245972	-0.6161878031829101
574.0	0.7120262384414673	0.5665439706594215
575.0	0.7934569716453552	-2.5265517465469247
576.0	0.6897968053817749	-1.0687746674925833
577.0	0.7162578105926514	0.39333310298861696
578.0	0.8304307460784912	-0.5915021421497236
579.0	0.1719090044498444	0.8142640132604286
580.0	0.1649218052625656	1.2685221511238867
581.0	0.03808269649744034	-0.5569537870722807
582.0	0.5168085098266602	-0.23801152824256588
583.0	0.04961546510457993	0.9719613402755186
584.0	0.8267520070075989	-0.8536141736801572
585.0	0.8556482791900635	1.8364044923760796
586.0	0.1463445872068405	1.3759724687795547
587.0	0.5015661716461182	-0.7829888748837218
588.0	0.8216168880462646	-0.31992037909184556
589.0	0.935108482837677	0.33435151020054754
590.0	0.1359084248542786	0.9269292804113312
591.0	0.9598979353904724	-0.8743111610492197
592.0	0.5462138056755066	-0.9362724313614404
593.0	0.3085319995880127	-0.5066643097367903
594.0	0.3049010932445526	0.15965224941329006
595.0	0.9843053221702576	0.5133748125147451
596.0	0.06428669393062592	1.1914534237859897
597.0	0.0647466704249382	-0.7512592251226097
598.0	0.7819486260414124	0.04968995238907902
599.0	0.2378560751676559	-0.9121411075422984
600.0	0.8870209455490112	-0.038065388626679096
601.0	0.2467840015888214	0.4916678515530633
602.0	0.7793590426445007	-0.48168202576410407
603.0	0.3948696851730347	-1.1228149340715756
604.0	0.9311438202857971	1.2089933155188395
605.0	0.8272730112075806	1.2828180552450321
606.0	0.4488051533699036	-1.066149619594689
607.0	0.784980833530426	0.013454218443453143
608.0	0.7934058308601379	-0.34985292684513514
609.0	0.4145476818084717	-1.9517306593532222
610.0	0.5992427468299866	-1.0961431265400694
611.0	0.4637898504734039	-0.9302556001736193
612.0	0.2854953408241272	0.37899365326044004
613.0	0.3648836016654968	-0.22252110066228833
614.0	0.2399782836437225	-0.6253698103881761
615.0	0.8130211234092712	-0.8230726777575084
616.0	0.3487436473369598	1.1571251567265102
617.0	0.1052048057317734	0.44699892605012165
618.0	0.2402505278587341	1.4809552609013688
619.0	0.3508412837982178	-0.2666770214500509
620.0	0.9372854828834534	-0.6487587161025975
621.0	0.3940100967884064	0.09781077672204959
622.0	0.5859302282333374	0.48519104988480805
623.0	0.05032102763652802	-1.7600660323316184
624.0	0.3223385512828827	-0.40996573636575945
625.0	0.9382764101028442	0.785397733567663
626.0	0.08131380379199982	-1.1892969071007153
627.0	0.5555115938186646	-0.46609409168389077
628.0	0.1950753331184387	-1.2965069491785757
629.0	0.8442808389663696	0.7663146149435865
630.0	0.7073483467102051	1.3908084044470888
631.0	0.7046244740486145	0.8900395581864415
632.0	0.494588702917099	-1.0792223587695164
633.0	0.7073918581008911	-0.76982395934861
634.0	0.8715738654136658	1.4092050052438956
635.0	0.1158577799797058	-0.7724389692118148
636.0	0.5686852931976318	0.6639197825896461
637.0	0.4000227749347687	-0.17817068405280512
638.0	0.07018458098173141	0.042325498339745346
639.0	0.02866395935416222	0.28669520221682787
640.0	0.1475960314273834	-1.0424035468931687
641.0	0.3144133985042572	-0.5449881555065154
642.0	0.5038522481918335	0.8082543324707443
643.0	0.6423593163490295	0.4981003130482423
644.0	0.5427753925323486	1.433788554793327
645.0	0.4020665884017944	-0.4438923959639374
646.0	0.4439055621623993	-0.08658247926887233
647.0	0.0004032524302601814	1.0052251882248997
648.0	0.7461920976638794	0.18048433423488316
649.0	0.3089405000209808	0.1316858960022972
650.0	0.1877506077289581	1.4858242627545302
651.0	0.03170699626207352	0.32363095031860634
652.0	0.6873079538345337	-1.2725832112984767
653.0	0.5996119976043701	-0.07950868565400387
654.0	0.5817623138427734	0.22858456894889684
655.0	0.8855977058410645	1.1923491063587501
656.0	0.2076986134052277	-2.6923231306908475
657.0	0.9507317543029785	-0.38344439814628095
658.0	0.8567922115325928	-0.9431336740122387
659.0	0.8357759714126587	1.3326129965157427
660.0	0.5688059329986572	-1.8860110445275051
661.0	0.04971712082624435	-0.41629865922933135
662.0	0.1442960053682327	0.07132658347533974
663.0	0.5061132907867432	0.38172541188697445
664.0	0.5545259714126587	0.9970110972342114
665.0	0.7815679907798767	1.1303796175972594
666.0	0.5973172187805176	0.9455081334652826
667.0	0.248189777135849	0.7606007926406421
668.0	0.143220990896225	1.273836103753783
669.0	0.3977579176425934	-1.320800917207261
670.0	0.5878618359565735	-0.620714547490256
671.0	0.2406485825777054	-0.23171204649205634
672.0	0.6958594918251038	-0.36637604517286815
673.0	0.3975945115089417	-1.7628949313262796
674.0	0.7436758875846863	0.4198638582458185
675.0	0.565878689289093	-0.18523897409292867
676.0	0.2591015994548798	-0.33960138962354525
677.0	0.006893321871757507	-0.3787113518367652
678.0	0.5091360807418823	-1.3402794693309235
679.0	0.4550079107284546	-0.503226747375949
680.0	0.7183996438980103	0.2644937197045334
681.0	0.3136307895183563	-0.05836572714835058
682.0	0.6427833437919617	0.03704129513162838
683.0	0.9704742431640625	-0.765823619323543
684.0	0.9802563786506653	0.7640715299027455
685.0	0.2075799405574799	0.5362853663627958
686.0	0.6016701459884644	0.6865455032008355
687.0	0.6948041915893555	0.28263078842339184
688.0	0.845679521560669	2.063564732283855
689.0	0.5922521352767944	0.07167812193653038
690.0	0.8223416805267334	2.5671121494538305
691.0	0.01857714541256428	-0.5532262554462215
692.0	0.8649751543998718	0.206518910911547
693.0	0.0001616152003407478	0.8462874922460705
694.0	0.9703836441040039	0.5504187700547934
695.0	0.7199091911315918	-0.5145621184387771
696.0	0.3921953439712524	-0.13514914105152764
697.0	0.9481486678123474	-0.3161492004422765
698.0	0.1720935255289078	-0.9435306027905092
699.0	0.9345419406890869	-0.6826720772966716
700.0	0.1392355710268021	-0.24656136710457685
701.0	0.2677467167377472	0.9770026884650109
702.0	0.2208823263645172	2.1518583607901363
703.0	0.8037073016166687	1.1167858507907147
704.0	0.4077264666557312	0.6281026117954913
705.0	0.5919815301895142	-0.05474768045709076
706.0	0.04519326612353325	0.6857981437567024
707.0	0.6277437210083008	0.12157294655757614
708.0	0.6421132683753967	0.21560746805269737
709.0	0.8917297124862671	0.24607692966987776
710.0	0.1508664637804031	-1.012765804078407
711.0	0.6635847687721252	-0.10854045893184533
712.0	0.8084561228752136	1.2078604794756553
713.0	0.1774444580078125	1.7517329212052406
714.0	0.7648648023605347	0.36265837009527324
715.0	0.2967791259288788	-1.489918110508685
716.0	0.9406677484512329	-0.7592786081830615
717.0	0.3772422075271606	0.7998544122441589
718.0	0.2659526765346527	0.8895864119083774
719.0	0.7764055132865906	-1.238680606111172
720.0	0.06981347501277924	-0.09078970401220322
721.0	0.1875083595514297	-0.16942037526843715
722.0	0.1859378516674042	-0.3395615393348659
723.0	0.4510956704616547	-0.4076703557619494
724.0	0.1536076068878174	-0.8283095759925662
725.0	0.39469975233078	-0.9014906245843013
726.0	0.0108534824103117	-0.33378773939919654
727.0	0.8172828555107117	0.5357681322843675
728.0	0.9795666337013245	-1.4997587307545612
729.0	0.7041546106338501	0.9939958435861693
730.0	0.2613275051116943	2.3653616877445276
731.0	0.583965003490448	0.9825449401629098
732.0	0.6542590856552124	-0.36947699306843795
733.0	0.4668138027191162	-0.3568135013535252
734.0	0.9896466732025146	0.026468218583546917
735.0	0.8643819689750671	-0.8449036940149232
736.0	0.6996902823448181	-0.3647598712814832
737.0	0.4658808410167694	-0.47681297998736416
738.0	0.1535684317350388	-0.6472039370912311
739.0	0.9107266068458557	2.069540827124789
740.0	0.2875146567821503	-1.3639408683030272
741.0	0.1371141821146011	-1.776657666420932
742.0	0.9776139259338379	0.48830465167490444
743.0	0.6295251250267029	0.3716155033659644
744.0	0.5656850934028625	0.9095995394086931
745.0	0.03711488470435143	-1.139647511024741
746.0	0.360784113407135	0.6207592293379276
747.0	0.5479393601417542	-0.2899470470548694
748.0	0.9448493719100952	-0.4904476095651149
749.0	0.9416903257369995	0.766874117861697
750.0	0.8517661690711975	-0.08971929302138429
751.0	0.8090417981147766	1.1527340946181468
752.0	0.8633611798286438	-1.3968689517762276
753.0	0.4409230947494507	-0.4511019361749493
754.0	0.9592536687850952	0.3099772279598645
755.0	0.4768779575824738	0.3450508472674577
756.0	0.08382798731327057	0.10544819321098517
757.0	0.03782073780894279	0.4840421304372924
758.0	0.5506128072738647	-0.03200922327096286
759.0	0.9760338068008423	1.664541620596846
760.0	0.03410392999649048	-1.3115234082819376
761.0	0.1843769103288651	1.0743694319855177
762.0	0.1230472102761269	0.9044390273225226
763.0	0.972509503364563	1.0463875786543315
764.0	0.2400729060173035	0.19558970674310663
765.0	0.6117538213729858	-0.9594732202339983
766.0	0.2353018969297409	-1.6382333874934134
767.0	0.502373456954956	-2.0304650090836796
768.0	0.262444406747818	1.04480035047521
769.0	0.3786739408969879	0.7973307550740779
770.0	0.9945036172866821	-0.08977824595266488
771.0	0.6661421656608582	-0.8985959205346229
772.0	0.02658887021243572	-0.5519743731384619
773.0	0.7306870818138123	1.0364346505116004
774.0	0.1592244654893875	0.440187412783861
775.0	0.704498291015625	0.2005278304935066
776.0	0.4900082051753998	0.3447045182209756
777.0	0.585698664188385	0.7287751713455722
778.0	0.06623874604701996	0.60905970727992
779.0	0.9453348517417908	-1.874878592227874
780.0	0.3446581661701202	-0.698777415357781
781.0	0.8491040468215942	-0.4871763719043168
782.0	0.1521837562322617	0.01789590884613613
783.0	0.5412877798080444	-1.153106273039958
784.0	0.01660252176225185	1.2702536867543348
785.0	0.9930768013000488	-0.5129376135743811
786.0	0.1787475943565369	-0.375790858303008
787.0	0.02545515075325966	2.015729860906989
788.0	0.8183709979057312	0.7959813578838462
789.0	0.9290714263916016	-2.309604322986692
790.0	0.2682210505008698	2.304499307919777
791.0	0.7188528776168823	-1.2181991068980957
792.0	0.9359201788902283	-1.2365116504839675
793.0	0.4003056585788727	0.6205943622404667
794.0	0.1406086534261703	0.7007639662989723
795.0	0.3378748893737793	1.416787524817347
796.0	0.4799101650714874	-0.20429978960068765
797.0	0.094617560505867	-1.0761638901795672
798.0	0.1715478450059891	-1.3465160093504536
799.0	0.3860943615436554	0.4806914648581446
800.0	0.5723572373390198	-0.6090108616124585
801.0	0.3177090585231781	-0.7951850108271965
802.0	0.8371505737304688	-1.53509327928663
803.0	0.3365278542041779	-0.5030436337620833
804.0	0.5538653135299683	-2.365965935132755
805.0	0.7112237811088562	-1.1328251806635021
806.0	0.9021092057228088	1.176050813197936
807.0	0.5593468546867371	0.6253353056388191
808.0	0.0009081223979592323	0.9096115902761195
809.0	0.4905100464820862	-1.0143510041766242
810.0	0.8088625073432922	0.1315735877561314
811.0	0.3316984474658966	-1.1239186936904464
812.0	0.3509667813777924	-0.9218373355486905
813.0	0.1565142720937729	-0.07765620501318693
814.0	0.665328323841095	0.26820765077543296
815.0	0.8426179885864258	0.8975240874767708
816.0	0.2113400399684906	-0.43363744024408984
817.0	0.1359904408454895	0.7016042189008842
818.0	0.578489363193512	-2.952146006257154
819.0	0.595538318157196	0.29872403747866305
820.0	0.4770152270793915	0.01611750764935582
821.0	0.5968060493469238	-0.4633107094763838
822.0	0.7030507326126099	1.3300334206095472
823.0	0.4425662755966187	1.2986530627100683
824.0	0.9048342108726501	-1.5515882944396442
825.0	0.365622490644455	-2.502845040980384
826.0	0.4907963871955872	-0.20723913469914898
827.0	0.7168814539909363	-2.3832377483871134
828.0	0.002708801534026861	0.2183519048204407
829.0	0.5597463846206665	0.5986797884088089
830.0	0.5386752486228943	-0.06336774649682557
831.0	0.6240999698638916	0.896190494723359
832.0	0.3503462076187134	-0.34758920528263765
833.0	0.6211403012275696	-0.16681179705779442
834.0	0.1614499241113663	0.6784957924126434
835.0	0.3480257093906403	-1.7423563255794559
836.0	0.1895155310630798	-0.3098494667496587
837.0	0.7148513197898865	1.3465500785084048
838.0	0.8530642986297607	0.12294081759541554
839.0	0.1223782002925873	-1.8394243299606292
840.0	0.2106182426214218	-1.6848433184481428
841.0	0.7963524460792542	1.6599675343323324
842.0	0.9032554030418396	-0.16613274157894034
843.0	0.2621784210205078	0.012492219482894208
844.0	0.8962911367416382	0.17896967649571888
845.0	0.5907889604568481	-1.392342666399109
846.0	0.7765776515007019	1.2293032167507292
847.0	0.07009454816579819	-0.9014833560810894
848.0	0.3919162154197693	0.8069528610774718
849.0	0.5858993530273438	0.26944108785753773
850.0	0.4008224606513977	-1.127398341038896
851.0	0.9647061228752136	-0.6196504103446392
852.0	0.09909068048000336	-0.9034297691075228
853.0	0.6095420718193054	-0.7167853674537233
854.0	0.5874853134155273	0.4175859475394442
855.0	0.4604944586753845	-2.0372723865504625
856.0	0.9563499689102173	-1.1174709232556437
857.0	0.9708086252212524	-1.7136549824584002
858.0	0.2164139002561569	-0.8671347106786998
859.0	0.4889706969261169	-0.06519273671936164
860.0	0.4621596336364746	-0.8439597562010593
861.0	0.5835050344467163	0.33711755683119615
862.0	0.7954357862472534	1.5225010766400335
863.0	0.4234562516212463	1.1546721542699323
864.0	0.2034765332937241	-0.007355920396040259
865.0	0.5278427004814148	0.6313742592191585
866.0	0.7921534776687622	2.2602929212302696
867.0	0.3560330271720886	-0.5483434225207094
868.0	0.1152731031179428	-1.4263184224813412
869.0	0.897700309753418	-0.3685957117977947
870.0	0.9398411512374878	0.3507178041060358
871.0	0.1813108921051025	-1.7215589153929869
872.0	0.5994992256164551	-0.8447830602827563
873.0	0.216996967792511	0.5222240799088865
874.0	0.4123896360397339	2.4627886503650593
875.0	0.81748366355896	0.9129926099837163
876.0	0.7329348921775818	1.0989015675272185
877.0	0.1085378155112267	1.1268472211085485
878.0	0.8917527198791504	-0.2390782216518742
879.0	0.07075802981853485	-0.0036087166016476094
880.0	0.5774387717247009	-0.680410989071404
881.0	0.6927371025085449	-2.2144163790953835
882.0	0.8761197328567505	-1.8875563055208862
883.0	0.003025624435395002	-0.12394782225801539
884.0	0.6942076086997986	-0.9147085680419694
885.0	0.4154803156852722	0.037106321996091214
886.0	0.4729284942150116	-0.4526013751761579
887.0	0.06855525076389313	-1.2053382550089857
888.0	0.7049477100372314	0.3998223218370891
889.0	0.264336109161377	1.0154575984369358
890.0	0.7349876165390015	0.44823748128615787
891.0	0.5722470879554749	-0.04051614744767345
892.0	0.8684975504875183	-0.2699017062957714
893.0	0.499916136264801	-0.32632555967636556
894.0	0.6875019669532776	-0.7862345458081482
895.0	0.2647609710693359	-0.7566736855259673
896.0	0.9776985049247742	-0.6081143810236671
897.0	0.8160509467124939	-0.14424923041467008
898.0	0.3824959695339203	-0.2390013196630418
899.0	0.3599951565265656	0.8938768022177623
900.0	0.604501485824585	0.08271480997114411
901.0	0.2246280014514923	-1.5027775583759453
902.0	0.1744439452886581	-0.5653052765550856
903.0	0.6024783253669739	0.9966559279475489
904.0	0.1524404287338257	0.15134156147841954
905.0	0.749794065952301	0.9001533127244609
906.0	0.3538524806499481	-1.4798438287061357
907.0	0.895458996295929	-0.0032783244095958065
908.0	0.6163797378540039	-0.7807077130329783
909.0	0.8047122955322266	1.3396167262270129
910.0	0.5217264890670776	-0.5609920480121838
911.0	0.9643622636795044	1.1923423721818314
912.0	0.6890865564346313	-0.8229175082961409
913.0	0.194823831319809	1.674466001101722
914.0	0.430846780538559	0.8540683685448631
915.0	0.5938106775283813	-1.906212634263988
916.0	0.5342860817909241	1.336982784259243
917.0	0.122750036418438	0.48483869313135286
918.0	0.8035279512405396	-0.11857472156408304
919.0	0.6983335018157959	0.35897980173302635
920.0	0.973962664604187	1.2723729983990868
921.0	0.1142647191882133	0.9024815141822813
922.0	0.7473870515823364	-0.17041366307940942
923.0	0.4291608035564423	0.4448401597602475
924.0	0.7100485563278198	0.0036414351503283064
925.0	0.8752157688140869	-0.467600167797095
926.0	0.8918336629867554	-0.7119153515777008
927.0	0.730100154876709	0.11158196503709898
928.0	0.1669511348009109	-0.47104654618414077
929.0	0.5433409810066223	1.1090477405907353
930.0	0.3815862834453583	0.4456102506559962
931.0	0.9691798686981201	-0.16649974859796937
932.0	0.6726512312889099	1.3635218085651866
933.0	0.648892879486084	-0.13787230317127844
934.0	0.9569820761680603	-0.3732387873797226
935.0	0.4774104654788971	2.2632589165569246
936.0	0.3350096642971039	-1.1401789522078711
937.0	0.4434022903442383	1.1270217881793159
938.0	0.2023027241230011	0.26751626880140345
939.0	0.2045753002166748	2.5756312840398574
940.0	0.8333641886711121	-0.2446404602183723
941.0	0.229674756526947	0.7591138299752083
942.0	0.277548611164093	-0.7277112866271698
943.0	0.1458820253610611	-0.8904854400175988
944.0	0.09742486476898193	0.306942348285069
945.0	0.7600393295288086	-1.6051576399861416
946.0	0.485427051782608	0.49269116747515274
947.0	0.960792064666748	-0.028219701738147196
948.0	0.8733817338943481	0.855081485903855
949.0	0.7511157393455505	-0.027718526042204365
950.0	0.5844172835350037	0.4348172990683643
951.0	0.4485075175762177	1.3610645980520524
952.0	0.2482382655143738	-1.2449872567269433
953.0	0.7095233798027039	0.25084265637366426
954.0	0.4689818322658539	1.8992165802255512
955.0	0.6379631161689758	-0.9101863837742109
956.0	0.4231569766998291	1.076507988597546
957.0	0.6738182902336121	0.5344417671776982
958.0	0.135617807507515	-1.8606462873529082
959.0	0.1433397531509399	-0.9668982176791528
960.0	0.5782148241996765	0.11327610497045133
961.0	0.7645692825317383	-0.06976230800270655
962.0	0.1989043205976486	-0.28477457988421234
963.0	0.1399703025817871	-0.6612661294478377
964.0	0.765986979007721	-0.2042131323864736
965.0	0.05672993883490562	-0.7582132844697379
966.0	0.772313117980957	0.14359222586400427
967.0	0.2920678555965424	-0.33521053225734065
968.0	0.4914171099662781	-0.656056716981604
969.0	0.9721455574035645	-1.2479290375689627
970.0	0.2491408884525299	0.2125226531465113
971.0	0.937552273273468	-1.270689868904907
972.0	0.5687998533248901	-0.4318328608362579
973.0	0.3996505737304688	0.07928993647144493
974.0	0.8811433911323547	1.2086818316969903
975.0	0.803108274936676	-1.7224073048155775
976.0	0.5619975924491882	0.12337936359587519
977.0	0.2776687443256378	0.4242760118171875
978.0	0.8634005784988403	-0.2113819807325253
979.0	0.1946555823087692	-0.9899982103902091
980.0	0.1742725074291229	-0.34562062732638854
981.0	0.2561009228229523	-1.0074022391701085
982.0	0.5693905353546143	-0.5446015292756081
983.0	0.09791695326566696	-0.15210072065036054
984.0	0.9328352808952332	-0.6128802206189856
985.0	0.9811298251152039	0.8805427493044526
986.0	0.460204541683197	0.7908774531326855
987.0	0.9531056880950928	0.9908371453194627
988.0	0.8496559858322144	-2.4837885566264646
989.0	0.1859137564897537	0.002087123341388304
990.0	0.6714639067649841	-0.13601096239315158
991.0	0.9525300860404968	-1.6027216681246454
992.0	0.07146729528903961	-0.18275867790364528
993.0	0.9936557412147522	-1.336865271524602
994.0	0.807137131690979	1.3164869910575112
995.0	0.5635926127433777	-0.8940485020593478
996.0	0.6858800053596497	-0.3276990739148535
997.0	0.9373984336853027	-0.6435231565842766
998.0	0.1402432769536972	-0.2694318545439717
999.0	0.5860952734947205	-0.15206208177407005
1000.0	0.5628483891487122	-1.0852329569593657
1001.0	0.5664049983024597	-0.3415027709843289
1002.0	0.6581087112426758	-1.6758431524536461
1003.0	0.04785564914345741	-1.1171575323319671
1004.0	0.390919953584671	-0.30409440592496506
1005.0	0.1663689613342285	-0.730634453574795
1006.0	0.663554310798645	-0.7365659243595993
1007.0	0.1136343479156494	-0.7102979897233543
1008.0	0.2288762480020523	-2.5872361902947376
1009.0	0.2663482129573822	1.3025277802965955
1010.0	0.2098630517721176	-0.7871600296277266
1011.0	0.4974600970745087	1.5115208431661598
1012.0	0.964966893196106	1.2935341998904146
1013.0	0.418852299451828	0.31975652428544016
1014.0	0.8303081393241882	-0.8999347843802894
1015.0	0.004369832575321198	0.679501049491267
1016.0	0.150714173913002	-0.19615648721713294
1017.0	0.332647442817688	-0.4329767770206681
1018.0	0.2449834942817688	1.1469486861731153
1019.0	0.1991223990917206	1.0682463385835204
1020.0	0.7592401504516602	-1.1928710100290625
1021.0	0.4148845076560974	-0.00013613248448582745
1022.0	0.4170744121074677	-0.5757137615941068
1023.0	0.469012439250946	0.4601471675195284
1024.0	0.9434508681297302	0.002155308944525947
